"","country","2000_male_pct.obese","2000_male_life.exp","2000_female_pct.obese","2000_female_life.exp","2001_male_pct.obese","2001_male_life.exp","2001_female_pct.obese","2001_female_life.exp","2002_male_pct.obese","2002_male_life.exp","2002_female_pct.obese","2002_female_life.exp","2003_male_pct.obese","2003_male_life.exp","2003_female_pct.obese","2003_female_life.exp","2004_male_pct.obese","2004_male_life.exp","2004_female_pct.obese","2004_female_life.exp","2005_male_pct.obese","2005_male_life.exp","2005_female_pct.obese","2005_female_life.exp","2006_male_pct.obese","2006_male_life.exp","2006_female_pct.obese","2006_female_life.exp","2007_male_pct.obese","2007_male_life.exp","2007_female_pct.obese","2007_female_life.exp","2008_male_pct.obese","2008_male_life.exp","2008_female_pct.obese","2008_female_life.exp","2009_male_pct.obese","2009_male_life.exp","2009_female_pct.obese","2009_female_life.exp","2010_male_pct.obese","2010_male_life.exp","2010_female_pct.obese","2010_female_life.exp","2011_male_pct.obese","2011_male_life.exp","2011_female_pct.obese","2011_female_life.exp","2012_male_pct.obese","2012_male_life.exp","2012_female_pct.obese","2012_female_life.exp","2013_male_pct.obese","2013_male_life.exp","2013_female_pct.obese","2013_female_life.exp","2014_male_pct.obese","2014_male_life.exp","2014_female_pct.obese","2014_female_life.exp","2015_male_pct.obese","2015_male_life.exp","2015_female_pct.obese","2015_female_life.exp","2016_male_pct.obese","2016_male_life.exp","2016_female_pct.obese","2016_female_life.exp"
"1","Afghanistan",1.2,54.6,3.4,57.3,1.3,55.3,3.6,57.9,1.3,56.5,3.8,58.5,1.4,56.9,4,59.1,1.5,57.4,4.2,59.6,1.6,57.8,4.4,60.1,1.7,58,4.7,60.5,1.8,58.4,4.9,61,2,59,5.2,61.6,2.1,59.5,5.4,62.1,2.2,59.9,5.7,62.5,2.4,60.5,6,63.1,2.5,60.9,6.3,63.6,2.7,61.5,6.6,64.1,2.8,61.7,7,64.4,3,61.8,7.3,64.7,3.2,61,7.6,64.5
"2","Albania",11.7,70.4,14.7,76,12.1,71.6,15,76.7,12.6,71.4,15.4,75.9,13.2,70.8,15.8,75.2,13.7,71,16.2,75.8,14.3,71.6,16.6,75.6,14.9,71.8,17.1,76.2,15.5,71.9,17.5,76.4,16.1,72.1,18,76.5,16.8,72.3,18.4,76.7,17.4,72.5,18.9,77,18.1,72.6,19.4,78.2,18.8,73,19.9,77.7,19.5,73.6,20.4,78.1,20.2,74,20.8,78.5,20.9,74.2,21.3,78.2,21.6,74.3,21.8,78.6
"3","Algeria",10.3,69.4,24.2,72.2,10.8,69.9,24.9,72.5,11.3,70.4,25.5,73,11.8,70.7,26.2,73.3,12.3,71.6,26.8,74,12.9,72.3,27.5,74.6,13.4,72.9,28.2,75,14,73.4,28.8,75.5,14.6,73.8,29.5,75.8,15.2,74.1,30.2,76.1,15.8,74.4,30.9,76.4,16.5,74.6,31.5,76.6,17.1,74.8,32.2,76.8,17.8,75,32.9,76.9,18.5,75.1,33.6,77.1,19.2,75.3,34.2,77.2,19.9,75.4,34.9,77.4
"4","Angola",1.4,45.2,5.6,49.5,1.5,46,5.9,50.4,1.6,47.3,6.3,51.5,1.7,48.4,6.6,52.6,1.9,49.4,6.9,53.7,2,50.6,7.3,54.8,2.1,51.7,7.7,56,2.3,52.8,8,57.2,2.4,53.9,8.4,58.4,2.6,55,8.8,59.6,2.8,56.1,9.3,60.7,2.9,57.2,9.7,61.8,3.1,58.1,10.2,62.6,3.3,58.8,10.6,63.3,3.6,59.4,11.1,64,3.8,59.9,11.6,64.5,4,60.3,12.1,64.9
"5","Antigua and Barbuda",6.8,69.7,18.2,75.1,7.1,70.3,18.6,75.5,7.3,71.1,19.1,75.7,7.6,71.4,19.5,75.2,7.8,71.5,19.9,75.1,8.1,71.4,20.4,75.3,8.4,71.3,20.8,75.6,8.6,71.3,21.3,76.2,8.9,71.6,21.7,76.3,9.2,72.1,22.2,76.7,9.5,72.4,22.7,76.9,9.8,72.6,23.2,77.2,10.1,72.5,23.7,77,10.5,72.5,24.2,77,10.8,72.1,24.8,77.1,11.2,72.5,25.3,77.4,11.6,72.5,25.9,77.5
"6","Argentina",19.1,70.2,22.1,77.7,19.6,70.3,22.5,77.7,20,70.4,22.9,78,20.5,70.6,23.3,77.9,21,71.4,23.7,78.3,21.5,71.6,24.2,78.6,22,71.9,24.6,78.9,22.5,71.5,25,78.5,23,72,25.4,79.2,23.6,72.3,25.9,79.2,24.1,72.3,26.3,79,24.6,72.5,26.7,79.3,25.1,72.7,27.2,79.7,25.7,72.8,27.6,79.7,26.2,73.2,28.1,80,26.8,73.3,28.5,80.1,27.3,73.5,29,80.3
"7","Armenia",10.9,68.5,16.8,74.6,11.2,68.9,17.1,75.2,11.5,68.9,17.4,75.1,11.8,69,17.7,75.3,12.1,69.3,18,75.7,12.5,69.2,18.4,75.9,12.8,69.1,18.8,75.9,13.2,69.7,19.1,76.5,13.6,69.3,19.5,76.4,14,69.4,19.9,76.4,14.4,69.5,20.4,76.7,14.8,69.8,20.8,77.1,15.2,70.4,21.2,77.3,15.7,71,21.7,77.6,16.1,70.9,22.1,77.7,16.6,70.9,22.6,77.9,17.1,71.2,23,78.1
"8","Australia",19.9,77,20.5,82.3,20.5,77.5,21,82.6,21.1,77.7,21.5,82.6,21.7,78.1,22,83,22.3,78.4,22.5,83.2,22.9,78.6,23,83.3,23.5,79.2,23.5,83.7,24,79.3,24,83.7,24.6,79.3,24.5,83.7,25.2,79.7,24.9,84.1,25.8,79.9,25.4,84.2,26.4,80.1,25.9,84.3,27,80.6,26.4,84.5,27.7,80.8,26.9,84.8,28.3,80.7,27.4,84.6,28.9,80.6,27.9,84.5,29.6,81,28.4,84.8
"9","Austria",14.3,75.3,13.5,81.2,14.8,75.9,13.8,81.7,15.2,76,14.1,81.8,15.6,76.2,14.4,81.8,16.1,76.6,14.7,82.3,16.5,76.7,15,82.3,17,77.2,15.2,82.7,17.4,77.5,15.5,83,17.9,77.8,15.8,83.1,18.3,77.6,16.1,83,18.8,77.8,16.4,83.3,19.3,78.3,16.7,83.5,19.8,78.5,17,83.5,20.3,78.8,17.3,83.8,20.8,79.2,17.7,84,21.3,78.9,18,83.8,21.9,79.4,18.3,84.2
"10","Azerbaijan",9,63.8,15.6,69,9.2,65,15.9,69.9,9.5,65.5,16.3,70.4,9.9,65.6,16.7,70.5,10.2,66.1,17.2,71.2,10.6,66,17.6,71.3,11,66.7,18.1,72,11.4,67.9,18.6,72.8,11.8,67.7,19.1,73,12.3,68.3,19.6,73.3,12.7,68.6,20.1,73.5,13.2,68.9,20.7,74.3,13.7,69.3,21.2,74.5,14.2,69.7,21.8,74.9,14.7,69.9,22.4,75.3,15.3,70.2,23,75.5,15.8,70.3,23.6,75.7
"11","Bahamas",15.9,68.8,30.9,75.1,16.4,68.8,31.4,75.2,16.9,68.9,31.8,75.3,17.4,69.1,32.3,75.5,17.9,69.9,32.7,76.3,18.4,70.4,33.2,76.7,18.9,70.7,33.6,76.9,19.4,70.9,34.1,77.4,19.9,71.2,34.5,77.7,20.4,71.3,34.9,77.9,21,71.9,35.4,78.2,21.5,72.3,35.8,78.1,22.1,72.2,36.3,78.1,22.6,72.1,36.7,78.1,23.2,72.1,37.2,78.1,23.8,72.4,37.6,78.5,24.4,72.6,38.1,78.6
"12","Bahrain",17.6,72.5,30.7,74.1,18,72.6,31.1,75.1,18.4,72.5,31.4,75.4,18.8,73.2,31.8,74.8,19.3,73.7,32.1,74.7,19.7,74.1,32.4,75.6,20.2,74.3,32.8,75.9,20.6,74.9,33.2,77.4,21.1,75.4,33.5,77.3,21.6,76.2,33.9,77.8,22.2,76.5,34.3,77.8,22.7,76.5,34.7,77.9,23.2,77.3,35.1,78.2,23.8,77.9,35.6,78.9,24.4,77.7,36,79.1,24.9,78.3,36.4,79.4,25.5,78.6,36.8,79.6
"13","Bangladesh",0.7,65.2,2,65.7,0.8,65.7,2.1,66.4,0.8,66.1,2.2,67,0.9,66.5,2.4,67.5,0.9,66.8,2.5,68,1,67.2,2.7,68.5,1.1,67.5,2.8,68.9,1.2,67.7,3,69.3,1.3,68.2,3.2,69.8,1.4,68.5,3.4,70.4,1.5,68.9,3.6,71.1,1.6,69.2,3.8,71.9,1.7,69.6,4,72.6,1.8,69.9,4.2,73.1,2,70.3,4.4,73.5,2.1,70.7,4.7,74,2.3,71.1,5,74.4
"14","Barbados",8.1,71,21.7,75.6,8.4,71.1,22.3,75.8,8.8,71.1,22.9,75.9,9.1,71.3,23.5,76.1,9.5,71.7,24.1,76.3,9.9,71.9,24.6,76.4,10.2,72,25.2,76.6,10.6,72,25.8,76.6,11,72,26.4,76.8,11.4,72.1,27,76.9,11.8,72.2,27.6,77.1,12.3,72.4,28.2,77.3,12.7,72.1,28.8,77.4,13.2,72.7,29.4,77.6,13.7,72.8,30,77.7,14.2,72.9,30.7,77.9,14.7,73.1,31.3,78
"15","Belarus",14.3,62.8,22.4,74,14.7,62.3,22.7,73.9,15.2,61.8,22.9,73.5,15.7,62.2,23.1,74.1,16.1,62.7,23.4,74.4,16.6,62.5,23.6,74.5,17.1,63.2,23.9,75,17.6,64.2,24.1,75.7,18.1,64.3,24.4,76,18.6,64.5,24.6,76,19.1,64.4,24.9,76.2,19.6,64.6,25.1,76.6,20.1,66.6,25.3,77.6,20.6,67.3,25.6,77.9,21.1,67.9,25.8,78.5,21.6,68.6,26,78.8,22.1,68.8,26.3,79.2
"16","Belgium",16.3,74.8,17.5,81,16.7,75.2,17.8,81.3,17.1,75.4,18,81.4,17.5,75.7,18.2,81.4,17.9,76.2,18.4,82,18.3,76.4,18.7,81.9,18.7,76.9,18.9,82.4,19.1,77.1,19.1,82.4,19.6,77.1,19.3,82.6,20,77.4,19.5,82.6,20.4,77.5,19.7,82.7,20.8,77.9,19.9,83,21.3,77.8,20.1,82.9,21.7,78.1,20.3,83.1,22.2,78.7,20.5,83.6,22.6,78.6,20.7,83.2,23.1,78.8,21,83.5
"17","Belize",9.7,66.1,23,71.6,10.1,65.9,23.5,71.5,10.5,66.1,24,71.9,10.8,66.2,24.6,72,11.2,66.5,25.1,72.1,11.6,66.8,25.6,72.2,12,67.2,26.1,72.4,12.4,67.5,26.6,72.5,12.8,67.4,27.1,72.5,13.2,67.4,27.6,72.6,13.6,67.4,28.1,72.7,14,67.4,28.7,72.7,14.5,67.4,29.2,72.8,15,67.5,29.8,72.8,15.5,67.6,30.3,72.9,16,67.7,30.9,73.2,16.5,67.9,31.5,73.4
"18","Benin",2.1,54,7.5,57.1,2.2,54.3,7.9,57.3,2.3,54.6,8.2,57.5,2.4,54.9,8.6,57.7,2.6,55.3,8.9,58,2.7,55.7,9.3,58.4,2.8,56,9.7,58.7,3,56.4,10.1,59.1,3.1,56.8,10.5,59.5,3.3,57.5,10.9,60.3,3.5,57.9,11.4,60.6,3.6,58.2,11.8,60.9,3.8,58.5,12.3,61.2,4,58.8,12.7,61.5,4.2,59,13.2,61.7,4.5,59.3,13.7,62,4.7,59.7,14.2,62.4
"19","Bhutan",1.5,60.9,3.6,61.3,1.6,62.6,3.8,62.8,1.8,63.2,4,63.4,1.9,63.9,4.3,64.1,2.1,64.4,4.6,64.8,2.3,65.3,4.9,65.6,2.4,66,5.2,66.3,2.6,66.7,5.5,67,2.8,67.3,5.8,67.6,3,67.8,6.1,68,3.2,68.3,6.4,68.5,3.5,68.8,6.7,68.9,3.7,69.1,7.1,69.3,3.9,69.4,7.4,69.6,4.2,69.7,7.8,70,4.4,70,8.1,70.3,4.7,70.4,8.5,70.8
"20","Bolivia (Plurinational State of)",8.2,61.6,17.8,65.2,8.6,62.2,18.2,65.8,8.9,62.7,18.7,66.5,9.2,63.2,19.2,67.1,9.6,63.7,19.6,67.7,9.9,64.2,20.1,68.3,10.3,64.8,20.6,68.9,10.7,65.3,21.1,69.5,11.1,65.9,21.5,70.2,11.5,66.5,22,70.9,11.9,67.1,22.5,71.5,12.3,67.6,23,72.1,12.7,68,23.5,72.6,13.1,68.3,24,73,13.6,68.6,24.5,73.4,14,68.8,25,73.7,14.5,69.1,25.6,74
"21","Bosnia and Herzegovina",10.8,71.3,14,77.1,11.1,71.6,14.3,77.7,11.5,72.4,14.5,77.8,11.8,72,14.7,77.6,12.2,72.4,15,77.5,12.6,71.6,15.2,77.3,12.9,72.5,15.5,77.9,13.3,72.3,15.7,77.7,13.7,73,16,78.5,14.1,73.3,16.3,78.4,14.5,73.5,16.5,78.6,14.9,73.9,16.8,79.1,15.3,74,17.1,79.2,15.8,74.1,17.4,79.3,16.2,74.1,17.8,79.3,16.7,74.5,18.1,79.6,17.1,74.8,18.4,79.8
"22","Botswana",3.9,47.5,21.3,50.7,4.1,46.7,21.9,49.5,4.4,46.3,22.5,48.7,4.6,46.6,23,48.9,4.9,47.9,23.6,50.4,5.1,50.7,24.1,53.6,5.4,53.3,24.6,56.4,5.6,55.2,25.1,58.5,5.9,56.4,25.6,59.7,6.1,57.9,26.1,61.9,6.4,58.6,26.5,63.8,6.6,59.3,27,64.4,6.9,60.1,27.5,65.5,7.2,60.5,27.9,66.7,7.5,61.5,28.4,67.4,7.8,62.6,28.9,67.9,8.1,63.6,29.3,68.4
"23","Brazil",11,66.1,17.8,73.9,11.4,66.5,18.2,74.4,11.9,66.9,18.7,74.7,12.3,67.3,19.2,75.1,12.8,67.6,19.7,75.3,13.2,68.4,20.1,76,13.7,68.7,20.6,76.2,14.1,69.1,21.1,76.6,14.6,69.3,21.5,76.8,15,69.5,22,77,15.5,69.7,22.5,77.1,16,69.9,22.9,77.3,16.5,70.4,23.4,77.8,17,70.7,23.9,78.1,17.5,71,24.4,78.5,18,71.2,24.9,78.6,18.5,71.4,25.4,78.9
"24","Brunei Darussalam",5.3,72.3,9.1,75.1,5.6,72.8,9.5,75.5,6,73.3,9.8,76,6.3,73.9,10.2,76.5,6.7,74.4,10.6,77,7.1,74.5,10.9,77.3,7.5,74.5,11.3,77.6,7.9,74.6,11.7,77.7,8.3,74.9,12.1,77.8,8.8,75.1,12.6,77.7,9.3,75.2,13,77.8,9.8,75.4,13.4,78.1,10.3,75.4,13.9,78.3,10.8,75.3,14.3,78.1,11.3,75.2,14.8,77.7,11.9,75.1,15.3,77.3,12.5,75.3,15.7,77.6
"25","Bulgaria",17.1,68.2,19.8,75,17.6,68.5,20,75.5,18.1,68.9,20.3,75.7,18.5,69,20.5,76.1,19,69.2,20.8,76.3,19.5,69.1,21,76.2,20,69.2,21.3,76.4,20.5,69.6,21.6,76.6,21.1,69.8,21.9,77,21.6,70.2,22.2,77.4,22.1,70.4,22.5,77.3,22.7,70.7,22.8,77.7,23.2,70.9,23.1,77.8,23.8,71.2,23.4,78.5,24.4,71,23.7,78,24.9,71.2,24,78.3,25.5,71.4,24.3,78.4
"26","Burkina Faso",0.8,49.1,3.2,50.9,0.9,49.6,3.4,51.2,1,50.1,3.6,51.6,1,50.7,3.8,52,1.1,51.4,4,52.7,1.2,52.2,4.3,53.5,1.3,53.2,4.6,54.4,1.4,54.1,4.9,55.3,1.5,54.9,5.2,56.1,1.6,55.7,5.5,56.9,1.7,56.4,5.8,57.6,1.8,57.1,6.1,58.3,2,57.7,6.5,59,2.1,58.1,6.9,59.4,2.2,58.6,7.3,59.9,2.4,59.1,7.7,60.4,2.6,59.6,8.1,60.9
"27","Burundi",0.8,49.6,3.8,53.3,0.9,50.4,4,53.6,0.9,50.7,4.2,53.9,1,51.2,4.4,54.2,1.1,52.1,4.7,54.7,1.1,52.9,4.9,55.4,1.2,53.7,5.2,56,1.3,54.5,5.5,56.6,1.3,55,5.8,57.3,1.4,55.8,6.1,58.1,1.5,56.3,6.4,58.8,1.6,56.8,6.7,59.5,1.7,57.2,7.1,60.1,1.8,57.5,7.4,60.6,1.9,57.7,7.8,61,2,58,8.2,61.4,2.1,58.5,8.6,61.8
"28","Cabo Verde",2.9,67.7,9,70.8,3,68.2,9.4,71.3,3.2,68.5,9.8,71.6,3.4,68.7,10.2,71.9,3.6,68.8,10.7,72,3.9,69,11.1,72.2,4.1,69.2,11.6,72.6,4.3,69.4,12,72.8,4.6,69.7,12.5,73,4.8,69.8,12.9,73.3,5.1,70,13.4,73.5,5.4,70.2,13.9,73.7,5.6,70.3,14.4,74,5.9,70.5,14.8,74.2,6.2,70.7,15.3,74.5,6.6,71,15.8,74.7,6.9,71.1,16.3,75
"29","Cambodia",0.9,55.3,2,60.1,0.9,56.1,2.1,61,1,57.1,2.2,62,1.1,58.1,2.4,63,1.2,59.1,2.5,64.1,1.3,60.3,2.6,65.2,1.4,61.5,2.8,66.3,1.5,62.6,3,67.3,1.6,63.4,3.1,68,1.7,64.2,3.3,68.5,1.8,65,3.5,69,1.9,65.6,3.7,69.4,2.1,66.1,3.9,69.8,2.2,66.4,4.1,70.1,2.4,66.7,4.3,70.5,2.5,67,4.6,70.8,2.7,67.3,4.8,71.2
"30","Cameroon",2.6,48.4,8.9,50.3,2.8,48.9,9.3,50.8,2.9,49.5,9.7,51.3,3.1,50,10.1,51.8,3.3,50.5,10.6,52.4,3.5,51.4,11,53.3,3.7,52.1,11.5,54.1,3.9,52.5,11.9,54.6,4.1,53.2,12.4,55.3,4.3,53.8,12.9,56,4.5,54.2,13.4,56.5,4.8,54.6,13.9,57,5,55,14.4,57.5,5.3,55,14.9,58.4,5.5,55.2,15.4,58.4,5.8,55.7,15.9,58.8,6.1,56.7,16.4,59.4
"31","Canada",19.9,76.7,20.9,81.8,20.5,77,21.5,82.1,21.1,77.3,22,82.1,21.7,77.4,22.6,82.3,22.3,77.8,23.1,82.5,22.9,77.9,23.6,82.6,23.5,78.4,24.1,83,24.1,78.5,24.6,83,24.7,78.7,25.2,83.2,25.2,79.1,25.7,83.4,25.8,79.4,26.2,83.6,26.4,79.8,26.7,83.8,27,79.9,27.2,84,27.6,80,27.7,84.1,28.2,80.4,28.3,84.3,28.8,80.6,28.8,84.5,29.5,80.9,29.3,84.7
"32","Central African Republic",1.7,44.6,5.9,46.1,1.8,44.3,6.1,45.8,1.8,44.4,6.4,45.8,1.9,44.7,6.6,45.9,2,44.9,6.9,46.1,2.1,45.2,7.2,46.5,2.2,45.6,7.4,47.1,2.3,46.2,7.7,47.8,2.5,46.9,8,48.8,2.6,47.8,8.4,49.9,2.7,48.7,8.7,50.4,2.9,49.4,9,51,3,50,9.4,51.4,3.2,48.6,9.7,51.3,3.3,50.3,10.1,52.2,3.5,51.6,10.5,53.5,3.7,51.7,10.9,54.4
"33","Chad",1.3,46.7,4.4,49.1,1.4,47.4,4.6,49.3,1.5,47.6,4.8,49.5,1.6,48,5.1,49.7,1.7,48.2,5.3,49.9,1.8,48.5,5.5,50.1,1.8,48.2,5.8,50.3,1.9,49.4,6.1,51,2,49.4,6.3,51.3,2.1,50.5,6.6,52.2,2.3,51,6.9,52.8,2.4,51.4,7.2,53.3,2.5,51.7,7.5,53.7,2.6,52,7.9,54.1,2.8,51.9,8.2,54.3,2.9,52.5,8.5,54.9,3.1,53.1,8.9,55.4
"34","Chile",17.1,73.8,23.8,80.3,17.6,73.8,24.2,80.3,18,74.3,24.7,80.9,18.5,74.4,25.1,80.8,19,74.5,25.5,80.8,19.4,74.8,26,81.1,19.9,75.3,26.4,81.4,20.4,75.2,26.9,81.3,20.9,75.8,27.3,82,21.3,75.4,27.8,81.8,21.8,75.2,28.2,81.3,22.3,75.9,28.7,82,22.8,76.1,29.1,81.8,23.3,76.1,29.6,82.1,23.8,76.3,30,82.2,24.4,76.4,30.5,82.3,24.9,76.5,31,82.4
"35","China",1.8,70.7,2.9,73.7,1.9,71.4,3.1,74.2,2.1,71.9,3.3,74.6,2.3,72.3,3.5,74.9,2.4,72.6,3.6,75.3,2.6,72.8,3.8,75.6,2.9,73.1,4,75.9,3.1,73.3,4.3,76.2,3.3,73.3,4.5,76.2,3.6,73.7,4.7,76.6,3.9,73.8,5,76.7,4.2,74.1,5.2,76.9,4.5,74.2,5.5,77.1,4.8,74.4,5.7,77.3,5.1,74.6,6,77.5,5.5,74.8,6.2,77.7,5.9,75,6.5,77.9
"36","Colombia",10.7,66.9,19.5,75.6,11.1,67,19.9,75.6,11.4,67.2,20.4,75.9,11.8,68.3,20.8,76,12.2,68.7,21.2,76.4,12.6,69.3,21.6,76.6,13,69.4,22.1,76.7,13.5,69.9,22.5,77,13.9,69.9,22.9,77,14.3,69.8,23.4,77.4,14.7,69.9,23.8,77.3,15.2,70.6,24.3,78,15.6,70.8,24.7,78,16.1,70.9,25.2,78.1,16.6,71.1,25.7,78.4,17.1,71.3,26.1,78.6,17.6,71.5,26.6,78.8
"37","Comoros",1.6,58,6.5,61,1.7,58.1,6.8,61.1,1.8,58.1,7.1,61.1,1.9,58.2,7.3,61.2,1.9,58.3,7.6,61.3,2,58.6,7.9,61.6,2.1,58.9,8.3,61.9,2.2,59.2,8.6,62.2,2.3,59.5,8.9,62.6,2.4,59.9,9.3,63,2.5,60.3,9.6,63.4,2.6,60.7,10,63.8,2.7,61.1,10.4,64.2,2.9,61.4,10.8,64.5,3,61.7,11.3,64.9,3.1,62,11.7,65.2,3.3,62.3,12.2,65.5
"38","Congo",2.4,52.3,7.8,53.9,2.5,52.5,8.1,53.9,2.6,52.5,8.4,54,2.8,53.4,8.7,54.5,2.9,54.2,9.1,55.4,3.1,55.3,9.4,56.6,3.3,56.7,9.7,58.3,3.5,57.8,10.1,59.4,3.7,58.8,10.4,60.6,3.8,60,10.8,61.9,4.1,60.7,11.1,62.6,4.3,61.2,11.5,63.2,4.5,61.6,11.9,64.1,4.7,61.8,12.3,64.5,5,62.1,12.7,64.6,5.2,62.4,13.1,64.8,5.5,63,13.5,65.6
"39","Costa Rica",10.5,74.8,19.1,80.2,11.1,74.9,19.8,80.1,11.6,75.5,20.4,81.1,12.2,75.4,21.1,80.5,12.8,75.2,21.8,80.4,13.4,76.2,22.5,81.3,14,75.5,23.3,81.2,14.7,76.7,24,82,15.4,76.6,24.7,81.9,16,76.8,25.4,82.1,16.7,75.6,26.2,81.1,17.4,76.5,26.9,81.7,18.1,76.7,27.6,81.8,18.9,76.9,28.3,82,19.6,76.8,29,82.2,20.3,76.9,29.7,82.1,21.1,77,30.4,82.2
"40","Côte d'Ivoire",2.4,48.3,8.1,50.2,2.5,48.2,8.5,50.2,2.7,48,8.8,50.2,2.8,48.2,9.2,50.2,3,48.5,9.6,50.4,3.2,49.1,10,51.1,3.3,49.8,10.4,51.8,3.5,50.4,10.8,52.3,3.7,51,11.3,53,4,51.3,11.7,53.1,4.2,51.6,12.2,53.5,4.4,51.9,12.7,54,4.7,52,13.2,53.9,4.9,52.2,13.7,54.2,5.2,52.5,14.2,54.5,5.5,53,14.7,55,5.8,53.6,15.2,55.7
"41","Croatia",15.7,70.7,19,78,16.1,71.1,19.3,78.4,16.6,71.2,19.6,78.5,17.1,71.2,19.9,78.3,17.5,71.9,20.2,79,18,71.7,20.5,78.8,18.5,72.4,20.8,79.4,19,72.3,21.1,79.3,19.6,72.4,21.5,79.5,20.1,72.8,21.8,79.7,20.6,73.4,22.2,79.9,21.2,73.8,22.6,80.4,21.8,73.9,22.9,80.7,22.3,74.5,23.3,81.1,22.9,74.7,23.7,81.2,23.5,74.3,24.1,80.6,24.1,75,24.5,81.5
"42","Cuba",11.3,74.5,23.3,79,11.7,74.5,23.8,78.7,12.1,75.5,24.2,80,12.5,75.4,24.6,79.5,12.9,75.3,25.1,79.5,13.4,75.1,25.5,79.3,13.8,75.9,25.9,80.2,14.3,76.1,26.3,80.3,14.7,76,26.8,80,15.2,76.2,27.2,80.3,15.7,75.9,27.6,80.2,16.2,76.8,28.1,81,16.7,76.6,28.5,81.1,17.3,76.6,29,81,17.8,76.5,29.4,80.9,18.4,76.6,29.9,81,18.9,76.8,30.3,81.3
"43","Cyprus",15,75.3,17.7,79.7,15.5,76.2,18,80.8,15.9,76,18.3,80.5,16.3,76.3,18.5,80.4,16.7,75.9,18.8,80.9,17.2,76,19.1,80.1,17.6,77.2,19.3,81,18,76.5,19.5,81.1,18.4,77.1,19.8,81.5,18.8,77.1,20,82,19.2,77.3,20.2,82.3,19.6,78.2,20.5,82,20.1,77.8,20.7,82.2,20.5,77.7,20.9,82.9,20.9,78,21.1,82.5,21.4,78.2,21.4,82.9,21.9,78.4,21.6,83.1
"44","Czechia",19.4,71.6,22.3,78.4,19.8,72.1,22.4,78.6,20.2,72.2,22.6,78.9,20.6,72.2,22.7,78.8,21,72.6,22.9,79.4,21.4,72.9,23.1,79.3,21.8,73.5,23.2,79.9,22.2,73.8,23.4,80.2,22.7,74.1,23.6,80.4,23.1,74.2,23.8,80.4,23.6,74.5,24,80.7,24,74.8,24.3,81,24.5,75.1,24.5,81.1,24.9,75.3,24.7,81.3,25.4,75.8,25,81.9,25.9,75.7,25.2,81.5,26.4,76.2,25.4,82.1
"45","Democratic People's Republic of Korea",3,61,4.8,69,3.1,62.6,4.9,70,3.3,63.8,5.1,70.9,3.4,64.4,5.2,71.5,3.6,64.8,5.3,71.8,3.7,64.9,5.5,72,3.9,65,5.6,72,4.1,64.9,5.8,71.9,4.3,65.1,5.9,72,4.5,65.4,6.1,72.3,4.7,65.9,6.2,72.9,4.9,66.6,6.4,73.5,5.1,67.1,6.5,74.1,5.3,67.5,6.7,74.5,5.6,67.8,6.9,74.9,5.8,68,7.1,75.2,6.1,68.2,7.3,75.5
"46","Democratic Republic of the Congo",1.4,50.4,4.6,53,1.5,50.9,4.9,53.5,1.5,51,5.1,53.9,1.6,51.8,5.4,54.6,1.7,52.6,5.6,55.3,1.9,53.3,5.9,56.2,2,54,6.2,56.9,2.1,54.7,6.5,57.6,2.2,55.2,6.8,58.2,2.4,55.7,7.1,58.6,2.5,56.3,7.4,59.2,2.7,56.8,7.8,59.7,2.8,57.1,8.1,60.1,3,57.5,8.5,60.6,3.2,58.1,8.9,61.1,3.4,58.5,9.3,61.6,3.6,58.9,9.7,62
"47","Denmark",14.8,74.8,13.2,79.3,15.2,75,13.4,79.4,15.6,75,13.7,79.3,16.1,75.3,13.9,79.8,16.5,75.6,14.1,80.2,16.9,76.1,14.3,80.5,17.4,76.1,14.6,80.6,17.9,76.5,14.8,80.7,18.3,76.8,15,81.1,18.8,77.1,15.3,81.2,19.3,77.3,15.5,81.4,19.8,78,15.7,82,20.2,78.3,16,82.2,20.8,78.6,16.2,82.5,21.3,78.9,16.5,82.8,21.8,78.9,16.7,82.8,22.3,79.3,17,83.2
"48","Djibouti",5.2,55.8,13.3,59.1,5.4,56.1,13.6,59.2,5.5,56.3,13.9,59.4,5.7,56.5,14.1,59.5,5.9,56.8,14.4,59.7,6.1,57.4,14.7,60.3,6.3,57.8,15,60.8,6.5,58.4,15.3,61.4,6.7,58.8,15.6,61.9,6.9,59.5,15.9,62.6,7.1,60.1,16.3,63.2,7.3,60.6,16.6,63.7,7.6,61,16.9,64.2,7.8,61.4,17.3,64.6,8.1,61.4,17.6,64.9,8.3,62,18,65.3,8.6,62.2,18.3,65.5
"49","Dominican Republic",9.9,67.1,22.2,72.6,10.4,67.1,22.9,72.7,10.9,67.2,23.6,72.8,11.5,67.3,24.3,73,12.1,67.2,25,72.9,12.7,67.6,25.8,73.3,13.4,67.9,26.5,73.7,14,68.2,27.3,74,14.7,68.5,28.1,74.5,15.5,68.9,28.8,74.8,16.2,69.1,29.6,75.1,17,69.4,30.4,75.4,17.8,69.6,31.2,75.7,18.6,69.8,31.9,75.9,19.4,70.1,32.7,76.1,20.2,70.3,33.4,76.4,21,70.6,34.1,76.7
"50","Ecuador",8.8,69.8,17.5,75.7,9.1,70.5,18,76.3,9.5,70.8,18.4,76.7,9.8,71.7,18.8,77.5,10.2,71.7,19.3,77.7,10.5,71.4,19.7,77.6,10.9,71.8,20.2,77.6,11.2,72.1,20.6,78.1,11.6,71.9,21,78.2,12,72.5,21.5,78.4,12.4,72.5,21.9,78.3,12.7,72.7,22.4,78.6,13.2,73.1,22.8,78.4,13.6,73.6,23.3,78.7,14,73.8,23.7,78.8,14.4,73.9,24.2,78.8,14.9,74.1,24.7,78.9
"51","Egypt",13.5,66.8,30.6,71.7,13.9,66.6,31.2,71.4,14.4,66.7,31.8,71.5,14.9,66.6,32.4,71.4,15.4,67,33,71.8,15.9,67.3,33.7,72,16.4,67.3,34.3,72.1,17,67.4,35,72.2,17.6,67.4,35.6,72.2,18.1,67.4,36.3,72.2,18.7,67.5,37,72.1,19.4,67.6,37.6,72.7,20,67.6,38.3,72.4,20.6,68.2,39,73.3,21.3,68.3,39.7,73.1,22,68.1,40.4,72.6,22.7,68.2,41.1,73
"52","El Salvador",10.6,64.3,19.7,73.2,11.1,64.1,20.3,73.1,11.6,64.9,20.9,73.9,12.1,65.2,21.5,74.2,12.6,65.5,22.1,74.5,13.1,65.8,22.6,74.8,13.5,66.2,23.2,75.2,14,66.5,23.8,75.6,14.5,66.8,24.4,76,15.1,67,24.9,76.2,15.6,67.5,25.5,76.7,16.1,67.8,26.1,76.9,16.6,68.1,26.6,77.2,17.2,68.2,27.2,77.4,17.7,68.4,27.8,77.7,18.3,68.7,28.4,77.9,18.9,69,28.9,78.1
"53","Equatorial Guinea",1.8,50.7,7,55.2,1.9,51.1,7.3,55.5,2,51.5,7.6,55.8,2,51.8,7.9,56,2.1,52.2,8.2,56.1,2.2,52.7,8.5,56.4,2.3,53.1,8.8,56.9,2.5,53.5,9.1,57.2,2.6,54.1,9.5,57.9,2.7,54.7,9.8,58.2,2.8,55.8,10.2,58.2,3,56.4,10.5,58.1,3.1,56.5,10.9,58.6,3.3,56.7,11.3,59.7,3.4,57.2,11.7,61.1,3.6,57.6,12.2,61.7,3.8,57.9,12.6,61.7
"54","Eritrea",0.8,38.5,3.4,51.1,0.9,56,3.6,58.5,0.9,56.5,3.8,58.9,1,56.9,4,59.4,1,57.3,4.2,60.1,1.1,57.8,4.4,61.1,1.2,58.3,4.6,62,1.2,58.8,4.9,62.8,1.3,59.2,5.1,63.4,1.4,59.8,5.4,64,1.4,60.3,5.6,64.4,1.5,60.9,5.9,64.9,1.6,61.4,6.2,65.4,1.7,61.8,6.5,65.8,1.8,62.1,6.9,66.3,1.9,62.5,7.2,66.7,2,62.9,7.6,67.1
"55","Estonia",14.3,65.5,19.6,76.2,14.6,65.2,19.7,76.6,15,65.6,19.8,77.1,15.3,66.6,19.9,77.4,15.7,66.7,20,78.2,16,67.5,20.2,78.4,16.4,67.7,20.3,78.6,16.8,67.5,20.4,79,17.1,69,20.5,79.5,17.5,69.9,20.7,80.1,17.9,70.9,20.8,80.5,18.3,71.2,21,81,18.7,71.3,21.1,81.3,19.1,72.4,21.3,81.4,19.5,72.2,21.4,81.6,19.9,73,21.6,81.8,20.3,73,21.8,82.1
"56","Eswatini",2.6,46.5,17.6,50.6,2.7,45,18.1,48.7,2.8,44,18.6,47.3,3,43.3,19.1,46.2,3.1,42.9,19.6,45.4,3.2,43.1,20.1,45.3,3.4,44.4,20.6,46.5,3.5,46.1,21.1,48.5,3.7,46.6,21.6,50.7,3.9,47.8,22.1,52.4,4.1,48.9,22.7,53.8,4.3,51.1,23.2,56.1,4.5,52.2,23.8,57.3,4.7,53.2,24.4,58.4,4.9,54.1,25,59.1,5.1,54.8,25.6,59.6,5.4,55.1,26.2,59.9
"57","Ethiopia",0.8,49.2,3.1,52.5,0.8,50.8,3.2,53.4,0.9,51.4,3.4,53.9,0.9,52.1,3.6,54.6,1,53,3.8,55.6,1,54.2,4,56.8,1.1,55.4,4.2,58.1,1.1,56.7,4.4,59.6,1.2,57.9,4.6,61,1.3,58.9,4.9,62.2,1.3,60,5.1,63.3,1.4,60.8,5.4,64.3,1.5,61.6,5.7,65.2,1.6,62.2,5.9,65.7,1.7,62.8,6.3,66.3,1.8,63.3,6.6,66.8,1.9,63.7,6.9,67.3
"58","Fiji",15.4,65.3,26.5,70.3,15.9,65.4,27.1,70.5,16.5,65.4,27.6,70.6,17,65.5,28.2,70.8,17.6,65.6,28.7,71,18.2,65.7,29.3,71.2,18.7,65.8,29.8,71.5,19.3,65.9,30.4,71.7,19.9,66.1,30.9,71.8,20.5,66.2,31.5,72,21.1,66.4,32,72.2,21.7,66.6,32.6,72.4,22.4,66.6,33.1,72.5,23,66.8,33.6,72.6,23.7,66.9,34.2,72.8,24.4,67,34.7,73,25.1,67.1,35.3,73.1
"59","Finland",16.4,74.3,16.1,81.1,16.8,74.8,16.4,81.6,17.3,75,16.7,81.7,17.7,75.3,17,82,18.2,75.5,17.3,82.3,18.6,75.8,17.6,82.5,19.1,75.9,17.9,82.9,19.5,76,18.1,83,20,76.5,18.4,83.1,20.4,76.6,18.7,83.2,20.9,76.8,18.9,83.2,21.3,77.3,19.2,83.6,21.8,77.6,19.5,83.5,22.2,77.9,19.7,83.9,22.7,78.2,20,83.9,23.2,78.6,20.3,84.2,23.7,78.7,20.6,84.2
"60","France",14.8,75.5,16.7,82.7,15.2,75.7,17,82.9,15.6,76,17.3,83,16.1,76.1,17.5,82.9,16.5,77,17.8,83.8,16.9,76.9,18.1,83.6,17.4,77.4,18.4,84.1,17.8,77.7,18.6,84.3,18.2,77.9,18.9,84.3,18.7,78,19.2,84.4,19.2,78.2,19.5,84.5,19.6,78.6,19.7,84.8,20.1,78.8,20,84.7,20.5,79.2,20.3,85,21,79.7,20.5,85.4,21.5,79.8,20.8,85.4,22,80.1,21.1,85.7
"61","Gabon",4.7,58.5,13.5,60.6,5,58.4,13.9,60.3,5.2,58.4,14.4,60.1,5.5,58.5,14.8,59.9,5.8,58.7,15.3,59.8,6.1,59.3,15.7,60.4,6.4,60.2,16.2,61.2,6.7,60.6,16.6,61.4,7,60.9,17,61.6,7.3,61.2,17.4,62.1,7.6,61.8,17.9,62.8,7.9,62.2,18.3,63.4,8.3,62.8,18.7,64.3,8.6,63.2,19.1,65.9,8.9,63.8,19.5,67.1,9.3,64.3,19.9,67.5,9.6,64.8,20.3,68.2
"62","Gambia",2.1,55.2,7.6,57.4,2.3,55.7,8,57.8,2.4,56.1,8.4,58.1,2.6,56.5,8.8,58.5,2.8,56.9,9.2,59,3,57.3,9.6,59.5,3.2,57.7,10.1,60.1,3.4,58,10.5,60.5,3.6,58.2,11,60.7,3.8,58.5,11.4,60.9,4,58.8,11.9,61.1,4.3,59.3,12.4,61.6,4.5,59.6,12.9,62.2,4.8,59.9,13.3,62.5,5.1,60.1,13.8,62.7,5.3,60.4,14.3,63,5.6,60.6,14.8,63.3
"63","Georgia",11.1,68,15.9,74.9,11.5,68.7,16.2,75.7,11.8,67.5,16.6,74.2,12.2,68.4,17,74.9,12.6,67.7,17.4,75.1,13,69.1,17.8,76.8,13.5,68.8,18.3,77.4,14,69.3,18.8,77.9,14.5,68.5,19.2,77.7,15,68.1,19.8,76.2,15.5,68.3,20.3,76.7,16.1,68.4,20.8,76.5,16.6,68.3,21.4,76.8,17.3,68.5,22,77,17.9,68.6,22.5,76.9,18.5,68.5,23.1,77.1,19.2,68.3,23.8,76.8
"64","Germany",16.5,75,15.8,81,17,75.4,16.1,81.3,17.4,75.6,16.3,81.4,17.8,75.7,16.6,81.5,18.3,76.4,16.9,82,18.7,76.5,17.2,81.9,19.2,76.9,17.5,82.3,19.7,77.1,17.7,82.5,20.1,77.3,18,82.4,20.6,77.4,18.3,82.5,21.1,77.6,18.6,82.6,21.6,77.9,18.9,82.8,22.1,78.1,19.2,83,22.6,78.2,19.5,82.9,23.1,78.6,19.8,83.4,23.6,78.2,20.1,83,24.2,78.7,20.4,83.3
"65","Ghana",1.9,56.7,9,58,2,56.8,9.4,58.4,2.1,57,9.9,58.7,2.2,57.2,10.3,58.9,2.4,57.5,10.8,59.2,2.5,57.8,11.2,59.6,2.7,58.3,11.7,60.1,2.8,58.8,12.2,60.6,3,59.3,12.6,61.1,3.2,59.8,13.1,61.6,3.3,60.3,13.6,62,3.5,60.8,14.1,62.4,3.7,61.3,14.6,63,3.9,61.6,15.1,63.4,4.1,61.9,15.6,63.7,4.3,62.2,16.1,64,4.5,62.5,16.6,64.4
"66","Greece",16,75.6,20.8,81.1,16.5,76.1,21.1,81.5,16.9,76.5,21.4,81.7,17.4,76.6,21.7,81.8,17.9,76.7,22,82,18.4,76.8,22.3,82.2,18.8,77.3,22.6,82.6,19.3,77,22.9,82.4,19.9,77.5,23.2,82.9,20.4,77.6,23.5,83.1,20.9,78,23.7,83.1,21.4,78,24,83.3,22,77.9,24.3,83.1,22.5,78.7,24.6,83.7,23,78.7,24.9,83.8,23.6,78.4,25.1,83.4,24.2,78.7,25.4,83.7
"67","Grenada",7.1,68.2,19.3,72.9,7.4,68.4,19.9,73.2,7.7,68.6,20.5,73.4,8.1,68.6,21.1,73.4,8.4,67.8,21.7,72.8,8.8,68.9,22.2,73.7,9.1,69.2,22.8,74,9.5,69.4,23.4,74.2,9.9,69.7,24,74.5,10.3,69.9,24.6,74.8,10.7,70.2,25.2,75.1,11.1,70.4,25.8,75.3,11.5,70.7,26.5,75.4,11.9,70.8,27.1,75.5,12.4,70.8,27.7,75.7,12.9,70.9,28.4,75.8,13.3,71,29,75.9
"68","Guatemala",8.2,64.3,17.3,71,8.5,64.5,17.8,71.7,8.9,65.6,18.3,72.3,9.3,65.6,18.9,72.6,9.6,65.8,19.4,72.9,10,65.5,20,72.7,10.4,66,20.5,73.3,10.8,67.3,21.1,73.8,11.3,67.4,21.6,74.5,11.7,67.3,22.2,74.2,12.1,67.7,22.8,74.3,12.6,68.4,23.4,74.7,13.1,69,24,75,13.5,69.2,24.6,75.2,14,69.6,25.2,75.5,14.5,70,25.8,75.8,15.1,70.4,26.4,76
"69","Guinea",1.5,51.1,5.7,51.6,1.6,51.1,6,51.5,1.7,51.5,6.3,51.8,1.8,52,6.6,52.2,1.9,52.5,6.9,53.1,2,53.1,7.2,54.3,2.2,53.7,7.5,55.5,2.3,54.4,7.9,56.5,2.4,55,8.2,56.9,2.5,55.7,8.6,57.4,2.7,56.5,9,57.8,2.8,57.1,9.4,58.1,3,57.6,9.8,58.4,3.1,58,10.2,58.8,3.3,57.4,10.6,58.2,3.5,58.1,11,59,3.7,59.4,11.5,60.2
"70","Guinea-Bissau",1.8,51.7,6.6,53.6,2,52,7,53.7,2.1,52.4,7.3,53.8,2.2,52.6,7.7,54,2.4,52.9,8.1,54.4,2.6,53.3,8.5,55,2.7,53.5,8.9,55.5,2.9,54,9.4,56.1,3.1,54.5,9.8,56.7,3.3,55.1,10.3,57.3,3.5,55.7,10.7,57.8,3.7,56.2,11.2,58.3,4,56.8,11.7,59,4.2,57.2,12.1,59.8,4.5,57.4,12.6,60.2,4.7,57.8,13.1,60.6,5,58.4,13.7,61.2
"71","Guyana",6.3,62.3,17.5,67.1,6.6,62.7,18.1,67.6,6.9,62,18.6,67,7.2,62,19.1,66.9,7.5,62.2,19.6,67.1,7.9,62.5,20.2,67.3,8.2,62.7,20.8,67.5,8.6,63.5,21.3,67.9,9,64,21.9,68.3,9.4,63.8,22.5,68.3,9.8,63.4,23.1,68.3,10.2,63.2,23.8,68.3,10.6,62.7,24.4,68.1,11.1,63.4,25.1,68.6,11.6,63.5,25.7,68.8,12.1,63.5,26.4,68.9,12.7,63.6,27.1,69
"72","Haiti",6.9,56.3,14.6,60,7.3,56.5,15.2,60.2,7.8,56.8,15.8,60.5,8.3,57.1,16.5,60.8,8.8,56.5,17.3,60.5,9.4,59.1,18,62.5,10,60.3,18.8,63.5,10.7,61.2,19.6,64.5,11.4,61.6,20.4,64.9,12.2,61.8,21.3,65.2,12.9,33.2,22.1,40,13.7,61,22.9,64.9,14.5,60.5,23.7,64.7,15.4,60.6,24.5,65,16.2,60.8,25.3,65.4,17.1,61.1,26.1,65.6,17.9,61.3,26.9,65.7
"73","Honduras",8.1,68.7,17,73.5,8.4,68.9,17.6,73.8,8.8,69.2,18.1,74.1,9.2,69.5,18.7,74.4,9.7,69.9,19.3,74.8,10.1,70.3,19.9,75,10.5,70.7,20.5,75.3,11,71,21.1,75.6,11.4,71.2,21.7,75.8,11.9,71.5,22.3,76,12.4,71.6,22.9,76.2,12.9,71.9,23.6,76.5,13.4,72.1,24.2,76.7,14,72.3,24.9,76.9,14.5,72.5,25.5,77.1,15.1,72.7,26.2,77.3,15.6,72.9,26.9,77.5
"74","Hungary",19.1,67.6,19.8,76.2,19.5,68.3,20,76.7,20,68.3,20.2,76.9,20.4,68.4,20.5,76.8,20.9,68.7,20.7,77.2,21.5,68.7,21,77.1,22,69.1,21.3,77.6,22.6,69.3,21.6,77.6,23.2,69.9,21.9,78,23.8,70,22.2,78.1,24.4,70.5,22.5,78.2,25,71,22.9,78.4,25.6,71.3,23.2,78.5,26.3,71.9,23.6,78.9,26.9,72,23.9,79.1,27.5,71.9,24.3,78.7,28.2,72.3,24.6,79.4
"75","Iceland",16.4,77.6,15.7,81.9,16.8,78.2,15.9,82.3,17.3,78.8,16.2,82.6,17.7,79,16.4,82.7,18.2,79.2,16.7,82.9,18.7,79.2,16.9,83,19.1,79.3,17.2,83,19.6,79.5,17.4,83,20.1,79.6,17.6,83.3,20.6,79.8,17.8,83.5,21.1,79.9,18.1,83.8,21.6,80.6,18.3,83.9,22.1,80.8,18.5,83.9,22.6,80.9,18.7,84.1,23.1,80.9,18.9,83.9,23.7,80.8,19.2,84,24.2,80.9,19.4,83.9
"76","India",1,61.9,2.3,63.1,1,62.3,2.4,63.4,1.1,62.7,2.6,63.9,1.2,63.1,2.7,64.3,1.3,63.4,2.8,64.6,1.3,63.9,3,65,1.4,64.3,3.1,65.5,1.5,64.7,3.3,65.9,1.6,65.1,3.4,66.4,1.7,65.4,3.6,67,1.9,65.8,3.8,67.6,2,66.1,4,68.2,2.1,66.3,4.2,68.7,2.3,66.6,4.4,69.2,2.4,66.9,4.6,69.6,2.6,67.1,4.8,70,2.7,67.4,5.1,70.3
"77","Indonesia",1.3,64.5,3.8,67.7,1.5,64.6,4,68,1.6,64.8,4.3,68.3,1.7,65,4.5,68.5,1.9,63.2,4.8,67.2,2.1,65.2,5.1,69,2.2,65.3,5.4,69.2,2.4,65.4,5.7,69.5,2.6,65.5,6,69.7,2.8,65.7,6.3,69.9,3.1,66,6.6,70.1,3.3,66.3,7,70.3,3.6,66.6,7.3,70.5,3.8,66.8,7.7,70.8,4.1,67,8.1,71,4.5,67.2,8.5,71.2,4.8,67.3,8.9,71.4
"78","Iran (Islamic Republic of)",10.3,69.1,23,71.2,10.8,69.4,23.5,71.7,11.3,69.6,24.1,72.2,11.8,68.6,24.7,71.6,12.3,70,25.3,73,12.8,70.2,25.8,73.4,13.3,70.4,26.4,73.9,13.8,70.6,27,74.3,14.4,70.9,27.6,74.7,14.9,71.6,28.2,75.2,15.5,72.6,28.7,75.5,16.1,73.3,29.3,75.8,16.7,73.8,29.9,76.1,17.3,74.1,30.5,76.3,18,74.2,31.1,76.5,18.6,74.4,31.7,76.7,19.3,74.6,32.2,76.9
"79","Iraq",15,67.6,29.1,71.4,15.4,68.4,29.5,71.7,15.8,68.6,29.9,71.9,16.2,63.5,30.4,69.5,16.7,64.5,30.8,70,17.2,64,31.3,69.9,17.6,61.3,31.7,68.5,18.1,62.9,32.2,69.4,18.7,67.2,32.7,71.7,19.2,68.6,33.2,72.4,19.7,69,33.7,72.6,20.3,69.1,34.3,72.7,20.9,69.1,34.8,72.7,21.5,68,35.3,72.2,22.1,66,35.9,71.3,22.8,66.9,36.4,71.8,23.4,67.5,37,72.2
"80","Ireland",15.4,73.9,16.5,79,15.9,74.5,17,79.8,16.5,74.9,17.5,80.2,17,75.7,18.1,80.5,17.6,76,18.6,80.9,18.2,76.5,19.2,81.1,18.8,76.9,19.7,81.5,19.4,77.3,20.3,81.9,19.9,77.7,20.8,82.2,20.6,77.5,21.4,82.3,21.2,78.7,22,82.9,21.8,78.6,22.5,82.8,22.4,78.7,23.1,83,23.1,79.1,23.7,83.1,23.7,79.4,24.3,83.4,24.4,79.5,24.9,83.3,25.1,79.7,25.5,83.4
"81","Israel",18.8,76.1,23.1,80.4,19.3,76.4,23.3,80.9,19.7,76.5,23.5,80.8,20.1,77,23.7,81.2,20.5,77.5,24,81.8,21,77.7,24.2,81.7,21.4,78.3,24.4,82.1,21.8,78.4,24.6,82.4,22.3,79,24.8,82.9,22.7,79.7,24.9,83.4,23.1,79.8,25.1,83.6,23.6,80,25.3,83.6,24,80,25.5,83.7,24.5,80.4,25.7,83.9,24.9,80.3,25.9,84.1,25.4,80,26.1,84,25.9,80.3,26.2,84.2
"82","Italy",14,76.6,15.9,82.5,14.4,77,16.1,82.8,14.7,77.3,16.4,83,15.1,77.3,16.6,82.9,15.5,78.1,16.8,83.8,15.9,78.2,17.1,83.6,16.3,78.6,17.3,84,16.6,78.8,17.5,84,17,79,17.8,84.1,17.4,79.2,18,84.1,17.8,79.5,18.2,84.4,18.2,79.7,18.4,84.5,18.5,79.8,18.6,84.4,18.9,80.2,18.9,84.8,19.3,80.5,19.1,85,19.7,80.2,19.3,84.6,20.1,80.5,19.5,84.9
"83","Jamaica",7.8,70,23.7,75.4,8.2,69.9,24.3,75.5,8.6,70.2,24.9,75.6,9,70.4,25.5,75.7,9.4,70.5,26.1,75.7,9.8,70.7,26.7,75.9,10.2,71.3,27.3,76.3,10.6,71.5,27.9,76.5,11.1,71.8,28.5,76.8,11.5,72.1,29.1,77.1,12,72.5,29.7,77.4,12.5,72.8,30.3,77.6,13,73,30.9,77.7,13.6,73.2,31.6,77.9,14.1,73.3,32.2,78.2,14.7,73.3,32.8,78.3,15.3,73.6,33.4,78.5
"84","Japan",1.9,77.8,2.2,84.6,2,78.1,2.3,84.9,2.1,78.4,2.4,85.3,2.2,78.5,2.5,85.4,2.4,78.7,2.5,85.6,2.5,78.6,2.6,85.5,2.7,79,2.7,85.8,2.9,79.2,2.8,86,3.1,79.3,2.9,86.1,3.3,79.6,3,86.4,3.5,79.6,3.1,86.3,3.7,79.6,3.2,86,3.9,80,3.3,86.4,4.1,80.3,3.4,86.6,4.3,80.6,3.5,86.8,4.6,80.8,3.6,87,4.8,81.1,3.7,87.1
"85","Jordan",18.5,70.4,34.9,73.2,19,70.6,35.5,73.4,19.6,70.7,36,73.5,20.1,70.8,36.5,73.7,20.7,70.9,37,73.8,21.2,70.8,37.4,74,21.8,71.3,37.9,74.2,22.4,71.4,38.4,74.4,23,71.6,38.9,74.6,23.6,71.7,39.5,74.8,24.2,71.9,40,75,24.8,72,40.5,75.2,25.5,72.2,41,75.3,26.1,72.3,41.5,75.5,26.8,72.4,42,75.7,27.5,72.6,42.5,75.8,28.2,72.7,43.1,76
"86","Kazakhstan",11.7,58.4,15.7,69.7,12,58.9,16.1,70,12.4,59.2,16.5,70.2,12.8,58.9,16.9,70.1,13.2,59.1,17.2,70.6,13.6,59,17.6,70.5,14,59.4,18,70.8,14.4,59.6,18.4,71.1,14.8,61.2,18.9,71.7,15.3,62.7,19.3,72.4,15.7,62.6,19.7,72.4,16.2,63.4,20.2,72.9,16.7,63.9,20.7,73.4,17.2,64.8,21.1,74.2,17.8,65.7,21.6,74.6,18.3,66.1,22.1,74.9,18.9,66.8,22.7,75.3
"87","Kenya",1.1,52.3,5.2,54.1,1.2,52.3,5.5,54,1.3,52.5,5.8,54.1,1.4,52.8,6.1,54.3,1.4,53.3,6.4,54.9,1.5,54.4,6.7,56,1.6,55.7,7,57.5,1.7,57.4,7.4,59.4,1.8,58.8,7.7,61,1.9,60.2,8.1,62.7,2,61.5,8.5,64.2,2.1,62.4,8.9,65.5,2.3,62.8,9.3,67,2.4,62.9,9.7,67.7,2.5,63.1,10.2,68,2.7,63.6,10.6,68.4,2.8,64.4,11.1,68.9
"88","Kiribati",29.2,61.6,40.5,66.4,30.1,61.7,41.3,66.4,31,61.5,42.1,66.2,31.9,61.1,42.9,65.7,32.7,60.9,43.6,65.2,33.5,60.9,44.2,65.3,34.3,61.4,44.9,65.8,35.1,62,45.5,66.6,35.8,62.7,46,67.3,36.5,63.1,46.6,68,37.2,63.4,47.2,68.2,37.9,63.5,47.7,68.5,38.7,63.5,48.2,68.5,39.4,63.4,48.8,68.5,40.1,63.4,49.3,68.4,40.8,63.4,49.8,68.4,41.6,63.6,50.4,68.6
"89","Kuwait",24.1,72.6,39.5,74.4,24.6,72.6,39.8,74.5,25.1,72.7,40.2,74.5,25.6,72.7,40.6,74.5,26.1,72.7,40.9,74.4,26.7,72.8,41.3,74.5,27.2,72.9,41.6,74.5,27.8,73,42,74.6,28.3,73.1,42.4,74.8,28.9,73.2,42.8,75,29.5,73.4,43.2,75.1,30.1,73.5,43.6,75.3,30.7,73.6,44,75.5,31.3,73.7,44.4,75.6,32,73.7,44.8,75.8,32.6,73.8,45.2,75.9,33.3,73.9,45.6,76
"90","Kyrgyzstan",7.6,62.5,11.3,70.7,7.9,63.1,11.6,71.5,8.2,62.8,12,70.7,8.5,62.7,12.3,70.5,8.8,63.3,12.7,71,9.2,63.1,13.1,70.8,9.5,62.9,13.6,70.9,9.9,63.3,14,71.6,10.3,64,14.4,71.8,10.7,64.7,14.9,72.6,11.1,64.4,15.4,73,11.6,65.3,15.9,73.3,12,65.8,16.4,73.7,12.5,66.6,17,74.4,13,66.7,17.5,74.4,13.5,67.4,18.1,74.8,14,67.7,18.6,75.2
"91","Lao People's Democratic Republic",0.9,56.5,2.4,59.5,1,57,2.6,60,1,57.6,2.8,60.6,1.2,58.2,3,61.2,1.3,58.9,3.2,61.8,1.4,59.5,3.4,62.5,1.5,60.1,3.7,63.1,1.7,60.7,3.9,63.7,1.8,61.3,4.2,64.2,2,61.8,4.4,64.7,2.2,62.3,4.7,65.2,2.4,62.6,5,65.6,2.7,63,5.3,66,2.9,63.2,5.7,66.3,3.2,63.5,6,66.7,3.4,63.9,6.3,67,3.7,64.2,6.7,67.4
"92","Latvia",15,64.6,22.6,75.9,15.4,64.4,22.7,75.7,15.7,64.7,22.8,76.2,16.1,65.6,23,76.1,16.5,65.7,23.1,76.4,16.9,65,23.3,76.5,17.3,65,23.4,76.2,17.7,65.3,23.6,76.5,18.1,66.5,23.7,77.4,18.5,67.5,23.9,77.7,18.9,67.8,24.1,77.9,19.4,68.7,24.2,78.6,19.8,68.9,24.4,78.8,20.2,69.3,24.6,78.7,20.7,69.2,24.8,79.4,21.1,69.8,24.9,79.3,21.6,70,25.1,79.6
"93","Lebanon",18.6,72.2,30.1,75.2,19,72.5,30.5,75.5,19.5,72.8,30.9,75.8,20,73.2,31.3,76.1,20.5,73.5,31.8,76.4,21.1,73.7,32.2,76.6,21.6,72.8,32.6,76.4,22.1,74.1,33,76.9,22.7,74.1,33.4,76.9,23.2,74.3,33.8,77,23.8,74.5,34.3,77.1,24.4,73.3,34.7,76.9,24.9,74.8,35.2,77.4,25.5,74.7,35.6,77.5,26.2,74.7,36.1,77.5,26.8,74.8,36.5,77.6,27.4,75.1,37,77.7
"94","Lesotho",1.8,49.9,16.3,51.6,1.9,48.5,16.9,50,2,47.2,17.6,48.5,2.1,46.2,18.2,47.2,2.3,45.5,18.8,46.4,2.4,45.2,19.4,45.9,2.6,45.6,20.1,46.6,2.7,46.9,20.7,47.7,2.9,49.1,21.4,50.5,3.1,50.4,22,52.1,3.3,50.6,22.7,53.6,3.5,50.8,23.3,54.4,3.7,50.8,24,54,3.9,50.3,24.7,53.9,4.1,50.1,25.3,53.8,4.4,50.1,26,53.8,4.6,51,26.7,54.6
"95","Liberia",2.7,51.3,8.3,52.7,2.8,51.2,8.5,53.1,2.9,49.9,8.7,53.1,3,48.5,9,53,3.1,53.6,9.3,55.1,3.3,54.5,9.7,56.1,3.4,55.4,10,57.2,3.6,56.5,10.4,58.4,3.8,57.4,10.8,59.3,3.9,58.4,11.1,60.1,4.1,59.3,11.5,60.9,4.3,60.1,12,61.6,4.5,60.7,12.4,62.2,4.8,61.1,12.8,62.7,5,57.7,13.3,60.1,5.2,61,13.7,63.2,5.5,62,14.2,63.9
"96","Libya",16.2,69.2,31.8,72.6,16.6,69.3,32.3,72.7,17.1,69.4,32.7,72.9,17.6,69.6,33.1,73.1,18,69.7,33.6,73.5,18.5,69.8,34,73.9,19,70,34.5,74.4,19.6,70.2,35,74.8,20.1,70.3,35.5,75,20.6,70.5,36,75.1,21.2,70.6,36.5,75.2,21.8,68.5,37,74.5,22.4,70.7,37.5,75.3,23,70.7,38,75.4,23.6,70,38.6,75.2,24.3,69.2,39.1,75.1,25,69,39.6,75
"97","Lithuania",17.3,66.5,25.1,77.4,17.6,65.7,25.2,77.4,18,65.9,25.3,77.5,18.4,66.1,25.5,77.7,18.8,66.1,25.6,77.8,19.2,64.9,25.8,77.3,19.6,64.8,25.9,77.1,20.1,64.2,26.1,77.2,20.5,65.6,26.3,77.6,20.9,66.8,26.4,78.5,21.4,67.4,26.6,78.8,21.8,67.8,26.8,79.1,22.3,68.1,27,79.4,22.7,68.3,27.2,79.3,23.2,68.9,27.4,79.9,23.7,69,27.6,79.6,24.2,69.7,27.8,80.2
"98","Luxembourg",15.9,75.3,15.7,81.4,16.4,75.6,16,81.6,16.9,75.7,16.3,81.6,17.4,75.9,16.6,82.2,17.9,76.5,16.9,82.4,18.5,77.1,17.3,82.7,19,77.5,17.6,82.6,19.5,78,17.9,82.9,20,78.5,18.2,83.3,20.6,78.8,18.5,83.8,21.1,78.8,18.9,83.7,21.7,79.1,19.2,83.7,22.2,79.7,19.5,83.9,22.8,79.8,19.8,84.3,23.3,80.1,20.1,84.5,23.9,80,20.4,84.7,24.5,80.1,20.7,84.6
"99","Madagascar",1.2,57.2,3.4,59.5,1.2,57.9,3.6,60.3,1.3,58.5,3.7,60.9,1.4,58.9,3.9,61.4,1.4,59.3,4.1,61.8,1.5,59.7,4.3,62.4,1.6,60.1,4.6,62.9,1.7,60.5,4.8,63.3,1.8,60.9,5,63.8,1.9,61.4,5.3,64.4,2.1,62,5.6,64.9,2.2,62.5,5.9,65.5,2.3,63,6.2,66,2.5,63.5,6.5,66.4,2.6,63.8,6.8,66.8,2.8,64.2,7.2,67.2,3,64.6,7.5,67.6
"100","Malawi",0.9,44.5,4.2,47.3,1,45.2,4.5,47.7,1.1,45.9,4.7,48.3,1.1,46.6,5,48.9,1.2,47.4,5.2,49.6,1.2,48.4,5.5,50.8,1.3,49.5,5.7,52.3,1.4,50.8,6,54.2,1.5,52.3,6.3,56.2,1.5,53.9,6.6,58.2,1.6,55.3,6.9,59.9,1.7,56.6,7.3,61.3,1.8,57.7,7.6,62.6,1.9,58.9,8,64.1,2,59.9,8.3,65.2,2.1,60.7,8.7,66,2.2,61.4,9.1,66.8
"101","Malaysia",4.8,70.3,9.3,75,5.2,70.4,9.8,75.2,5.6,70.5,10.3,75.4,6,70.7,10.8,75.5,6.4,70.8,11.3,75.7,6.9,70.9,11.9,75.8,7.3,71.1,12.4,75.9,7.8,71.3,12.9,76.1,8.3,71.4,13.4,76.2,8.8,71.7,14,76.4,9.4,72,14.5,76.6,9.9,72.3,15.1,76.8,10.5,72.5,15.6,77,11.1,72.7,16.2,77.2,11.7,72.8,16.8,77.3,12.3,73,17.4,77.5,13,73.2,17.9,77.6
"102","Maldives",1.5,69.2,4.6,70,1.6,69.8,4.8,71,1.8,70.6,5.1,72.1,1.9,71.7,5.4,73.2,2.1,71.6,5.8,73.4,2.3,73.2,6.1,75.1,2.5,73.6,6.5,75.7,2.8,74,6.9,76.1,3,74.5,7.4,76.6,3.3,74.9,7.8,77.1,3.6,75.4,8.3,77.6,3.9,75.9,8.8,78.1,4.3,76.1,9.3,78.6,4.6,76.4,9.8,78.9,5,76.7,10.3,79.3,5.4,76.9,10.8,79.6,5.8,77.2,11.4,79.9
"103","Mali",1.6,47.3,5.7,48.3,1.8,48.2,6,49.1,1.9,49.1,6.4,49.9,2,49.9,6.7,50.8,2.1,50.9,7.1,51.7,2.3,51.8,7.4,52.7,2.4,52.7,7.8,53.6,2.6,53.5,8.2,54.4,2.8,54.1,8.6,55,2.9,54.7,9.1,55.5,3.1,55.2,9.5,55.9,3.3,55.7,9.9,56.3,3.6,55.9,10.4,56.8,3.8,55.9,10.9,57,4,56.5,11.4,57.4,4.3,56.9,11.9,57.8,4.6,57.5,12.4,58.4
"104","Malta",21.2,76.2,24.8,79.9,21.7,76.4,25.1,80.3,22.2,76.6,25.4,80.5,22.7,77,25.6,80.6,23.2,77.3,25.9,80.7,23.7,77.4,26.2,81.1,24.2,77.4,26.4,81.4,24.7,77.5,26.6,81.8,25.2,78,26.9,82.1,25.7,78.4,27.1,82.4,26.2,78.7,27.3,82.6,26.7,78.9,27.5,82.7,27.1,79.1,27.7,82.9,27.6,79.3,27.9,83.1,28.1,79.6,28.1,83.4,28.6,79.6,28.3,83.2,29.2,79.6,28.5,83.3
"105","Mauritania",2.8,58.7,10.3,61.6,3,58.8,10.7,61.7,3.2,58.8,11.2,61.8,3.4,59,11.7,61.9,3.6,59.1,12.2,62.1,3.8,59.3,12.7,62.2,4,59.6,13.2,62.5,4.2,59.9,13.7,62.7,4.4,60.2,14.2,63,4.7,60.5,14.7,63.3,4.9,60.8,15.3,63.6,5.2,61.2,15.8,63.8,5.4,61.6,16.3,64.1,5.7,61.8,16.9,64.4,6,62.1,17.4,64.7,6.3,62.4,17.9,65,6.6,62.6,18.5,65.2
"106","Mauritius",3.3,67.9,10.1,74.4,3.4,68.5,10.4,74.9,3.5,68.4,10.7,75,3.6,68.5,11,74.8,3.8,68.9,11.3,75.3,3.9,69,11.6,75.6,4,68.8,11.9,75.2,4.1,69.7,12.3,76.4,4.3,69.3,12.6,76.5,4.4,69.4,12.9,76.5,4.6,70,13.3,76.7,4.7,70.1,13.7,77.5,4.9,70.9,14,77.2,5,71,14.4,77.6,5.2,71.1,14.8,77.6,5.4,71.2,15.2,78,5.6,71.6,15.7,78.1
"107","Mexico",16.1,71.8,24.9,77.3,16.6,72.2,25.4,77.5,17.1,72.2,25.9,77.5,17.6,72.2,26.4,77.4,18.1,72.6,26.8,77.7,18.6,72.5,27.3,77.6,19.1,72.8,27.8,78.1,19.6,73.1,28.3,78.3,20.1,72.6,28.8,78.1,20.6,72.7,29.3,78.2,21.1,72.3,29.8,78.1,21.6,72.8,30.3,78.7,22.2,73.2,30.8,78.9,22.7,73.6,31.3,79.1,23.2,73.6,31.8,78.9,23.8,73.6,32.3,78.9,24.3,74,32.8,79.2
"108","Micronesia (Federated States of)",27.8,66.1,41.5,67.9,28.4,66.2,42,68.1,29,65,42.6,67.3,29.7,66.5,43.2,68.3,30.4,66.6,43.8,68.6,31.2,66.7,44.5,68.7,31.9,67,45.1,68.9,32.7,67.1,45.7,69.1,33.5,67.2,46.4,69.4,34.3,67.4,47.1,69.5,35.1,67.6,47.7,69.8,35.9,67.7,48.3,69.9,36.8,67.8,49,70.1,37.6,68,49.6,70.3,38.4,68,50.2,70.5,39.3,68,50.9,70.6,40.1,68.4,51.5,70.8
"109","Mongolia",8.6,59.4,14.4,65.6,8.9,59.7,14.7,66.6,9.3,59.9,15.2,67.4,9.7,60.2,15.6,68,10.2,60.6,16.1,68.6,10.6,61.1,16.6,69.2,11.2,61.6,17.2,69.8,11.7,62,17.7,70.3,12.3,62.4,18.3,70.8,12.9,63,18.9,71.5,13.5,63.7,19.5,72.2,14.1,64.4,20.1,72.8,14.8,64.9,20.8,73.3,15.4,65.1,21.4,73.6,16.1,65.4,22,73.8,16.8,65.5,22.6,74,17.5,65.7,23.2,74.2
"110","Montenegro",14.5,70.5,17.6,75.6,15.1,70.8,18,75.7,15.6,70.9,18.4,76,16.2,71,18.8,76.1,16.8,71.1,19.2,76.3,17.4,71.1,19.6,76.4,18,71.4,20,76.7,18.6,71.8,20.4,76.9,19.1,72.3,20.7,77.3,19.6,72.7,21,77.6,20.2,73.1,21.3,78,20.7,73.1,21.6,78.1,21.2,73.4,21.9,78.4,21.7,73.7,22.2,78.6,22.2,73.9,22.5,78.8,22.7,74.1,22.8,79,23.3,74.4,23.1,79.2
"111","Morocco",10.6,67,22.3,70,11,67.6,22.8,70.5,11.4,68.2,23.4,71,11.9,68.8,23.9,71.5,12.3,69.5,24.5,72.3,12.8,70.3,25.1,73.2,13.3,71,25.7,74,13.8,71.5,26.2,74.6,14.4,71.9,26.9,74.9,14.9,72.4,27.5,75.2,15.5,72.9,28.1,75.4,16.1,73.4,28.8,75.7,16.7,73.8,29.5,76,17.4,74.1,30.1,76.3,18,74.4,30.8,76.6,18.7,74.7,31.5,76.8,19.4,74.8,32.2,77
"112","Mozambique",1.5,47,5.5,49.8,1.6,47.7,5.7,50.3,1.7,48.2,6,50.7,1.7,48.7,6.2,51,1.8,49.3,6.5,51.4,1.9,50,6.8,51.8,2,50.6,7.1,52.3,2.1,51.5,7.4,53.1,2.2,52.5,7.7,54.4,2.3,53.3,8,55.5,2.5,53.8,8.3,56.2,2.6,54.3,8.7,56.9,2.7,54.8,9,57.4,2.8,55.2,9.4,57.9,3,56,9.7,59.1,3.1,56.9,10.1,60.9,3.3,57.7,10.5,62.3
"113","Myanmar",1.2,59.5,3.1,63.6,1.3,59.8,3.2,63.9,1.4,60.1,3.4,64.3,1.5,60.4,3.6,64.6,1.7,60.6,3.8,64.9,1.8,61,4,65.2,1.9,61.3,4.3,65.5,2.1,61.5,4.5,65.8,2.2,55.5,4.7,60.9,2.4,62.1,5,66.4,2.6,62.4,5.3,66.8,2.8,62.6,5.6,67.3,3,63,5.9,67.7,3.2,63.5,6.2,68.1,3.5,64,6.5,68.4,3.8,64.3,6.9,68.7,4,64.6,7.3,68.9
"114","Namibia",2.8,54.2,15.3,57.6,3,53.4,15.8,56.4,3.2,52.7,16.4,55.3,3.4,52.1,17,54.4,3.6,51.8,17.5,53.9,3.8,52.4,18.1,54.9,4,53.6,18.8,56.6,4.3,55.5,19.4,59.1,4.6,57.2,20,61.8,4.9,58.2,20.7,62.7,5.2,58.7,21.4,63.2,5.5,59.2,22,64.3,5.9,59.8,22.7,65.4,6.3,60.4,23.4,65.9,6.7,60.8,24.1,66.1,7.1,60.9,24.7,65.7,7.5,61.1,25.4,66.1
"115","Nepal",0.9,61.3,2.2,63.1,1,61.8,2.3,63.8,1.1,61.4,2.5,64.1,1.1,62.7,2.6,65,1.2,63,2.8,65.6,1.3,63.8,3,66.3,1.4,64.6,3.1,67,1.5,65.2,3.3,67.6,1.6,65.7,3.5,68.2,1.7,66.2,3.7,68.7,1.8,66.6,3.9,69.2,2,67,4.1,69.7,2.1,67.3,4.4,70.1,2.2,67.7,4.6,70.5,2.4,68,4.9,70.8,2.5,67.5,5.1,70.5,2.7,68.8,5.4,71.6
"116","Netherlands",12,75.6,13.9,80.6,12.4,75.9,14.3,80.8,13,76.1,14.7,80.8,13.5,76.4,15.1,81,14,77,15.5,81.5,14.6,77.3,16,81.6,15.1,77.8,16.4,81.9,15.7,78.2,16.8,82.4,16.3,78.5,17.2,82.4,16.8,78.7,17.6,82.7,17.4,78.8,17.9,82.7,18,79.3,18.3,82.9,18.5,79.3,18.7,82.9,19.1,79.5,19,83.1,19.7,80,19.3,83.3,20.2,79.7,19.7,83.1,20.8,80,20,83.2
"117","New Zealand",20.2,76.2,22.8,81.3,20.8,76.3,23.3,81,21.4,76.7,23.8,81.2,22,77.1,24.4,81.5,22.6,77.3,24.9,81.5,23.2,78,25.4,82.2,23.8,78.1,26,82.1,24.4,78.2,26.5,82.4,25,78.4,27.1,82.3,25.6,78.7,27.6,82.7,26.2,79.3,28.1,83.1,26.9,79.2,28.7,82.7,27.5,79.5,29.2,83.2,28.1,80,29.8,83.7,28.8,80.1,30.3,83.6,29.4,80.3,30.9,83.7,30.1,80.5,31.4,84
"118","Nicaragua",10.5,66.9,20.3,72.4,10.9,67.3,20.8,72.8,11.3,67.6,21.3,73.3,11.7,68,21.8,73.7,12.1,68.4,22.3,74.2,12.6,68.8,22.9,74.8,13,69.3,23.4,75.3,13.4,69.6,23.9,75.7,13.9,70.1,24.5,76.2,14.3,70.5,25,76.5,14.8,70.8,25.6,76.8,15.3,71.1,26.1,77.2,15.8,71.4,26.7,77.4,16.3,71.7,27.2,77.7,16.8,72,27.8,77.9,17.4,72.2,28.4,78.2,17.9,72.5,29,78.4
"119","Niger",1,47.7,4,48.6,1.1,48.5,4.2,49.4,1.1,49.2,4.5,50.1,1.2,50,4.7,50.9,1.3,50.7,4.9,51.7,1.3,51.6,5.2,52.6,1.4,52.4,5.4,53.5,1.5,53.2,5.7,54.3,1.6,54,6,55.2,1.7,54.8,6.3,56,1.7,55.6,6.6,57,1.8,56.4,6.9,57.9,2,57,7.2,58.6,2.1,57.6,7.6,59.2,2.2,58.1,7.9,59.8,2.3,58.3,8.3,60.2,2.5,59,8.7,60.8
"120","Nigeria",1.7,46.9,6.2,47.8,1.8,47.2,6.5,48,1.9,47.5,6.8,48.3,2.1,47.9,7.2,48.6,2.2,48.5,7.6,49.1,2.4,49.2,7.9,49.8,2.5,49.9,8.3,50.5,2.7,50.6,8.8,51.1,2.8,51.1,9.2,51.6,3,51.6,9.6,52.2,3.2,52.1,10.1,52.6,3.4,52.5,10.6,53,3.6,53,11,53.5,3.9,53.4,11.5,54.2,4.1,53.8,12,54.8,4.3,54.3,12.5,55.3,4.6,54.7,13.1,55.7
"121","Norway",15,76,16.8,81.4,15.6,76.4,17.1,81.6,16.1,76.6,17.5,81.7,16.6,77.2,17.9,82.1,17.1,77.6,18.3,82.4,17.6,77.9,18.6,82.6,18.1,78.3,19,82.7,18.6,78.4,19.3,82.8,19.2,78.4,19.7,83,19.7,78.8,20.1,83.2,20.2,78.9,20.4,83.2,20.8,79,20.8,83.5,21.3,79.6,21.1,83.5,21.9,79.8,21.5,83.8,22.4,80.2,21.8,84.2,23,80.5,22.2,84.1,23.6,80.6,22.5,84.3
"122","Oman",13.3,70.9,24.7,74.9,13.8,71.2,25.2,75.3,14.2,71.5,25.7,75.7,14.7,71.8,26.1,76,15.2,72.2,26.6,76.4,15.6,72.5,27.1,76.8,16.2,72.8,27.6,77.1,16.7,73,28.1,77.3,17.3,73.3,28.7,77.7,17.9,73.6,29.3,77.9,18.6,73.8,29.9,78.2,19.3,74.1,30.5,78.4,20,74.4,31.1,78.6,20.7,74.6,31.8,78.9,21.4,74.9,32.4,79.1,22.2,75.1,33.1,79.3,22.9,75.3,33.7,79.5
"123","Pakistan",2.4,62.4,5.6,63.5,2.6,62.6,5.8,63.7,2.7,62.8,6.1,63.9,2.9,62.9,6.4,64,3,63,6.7,64.2,3.2,61.8,7,63.4,3.4,63.2,7.3,64.6,3.6,63.4,7.7,65,3.8,63.6,8,65.3,4,63.8,8.4,65.6,4.3,64.1,8.7,65.9,4.5,64.6,9.1,66.2,4.8,64.8,9.5,66.5,5.1,65,9.9,66.7,5.4,65,10.4,66.8,5.7,65.2,10.8,67,6,65.7,11.3,67.4
"124","Panama",10.3,72.9,19.1,79,10.7,72.9,19.7,78.9,11.2,73.3,20.2,79,11.6,73,20.8,78.9,12.1,73.5,21.3,79,12.5,73.5,21.8,78.8,13,73.6,22.3,79.4,13.4,73.7,22.9,79.8,13.9,73.6,23.4,80,14.3,73.6,23.9,80.4,14.8,73.5,24.4,80.1,15.3,74.3,24.9,80.6,15.7,74.1,25.4,80.7,16.2,74.7,26,80.7,16.7,74.9,26.5,80.8,17.3,74.9,27.1,81.1,17.8,75,27.6,81.2
"125","Papua New Guinea",9.4,59.8,17,64.2,9.8,60,17.5,64.4,10.1,60.1,18,64.5,10.5,60.4,18.5,64.7,10.9,60.6,19,65,11.3,60.9,19.5,65.3,11.7,61.3,20,65.7,12.1,61.6,20.5,66.1,12.5,62,21.1,66.5,13,62.2,21.6,66.7,13.4,62.4,22.2,66.9,13.9,62.6,22.8,67.1,14.4,62.7,23.4,67.3,15,63,23.9,67.6,15.5,63.2,24.5,67.8,16,63.4,25.1,68.1,16.6,63.6,25.8,68.3
"126","Paraguay",9.6,69.2,15.1,73,10,69.5,15.6,73.3,10.5,69.8,16.1,73.5,10.9,69.9,16.6,73.6,11.3,70.1,17.1,73.8,11.8,70.2,17.6,74,12.3,70.5,18.2,74.2,12.7,70.7,18.7,74.5,13.2,71,19.2,74.7,13.6,71.3,19.7,75,14.1,71.6,20.2,75.3,14.6,71.8,20.7,75.5,15.1,71.9,21.3,75.6,15.6,72,21.8,75.8,16.1,72.1,22.3,75.9,16.6,72.2,22.9,76,17.1,72.4,23.4,76.1
"127","Peru",9.3,69,17.7,73.7,9.6,69.3,18,74.1,9.9,69.7,18.4,74.6,10.3,70.1,18.8,75,10.6,70.5,19.2,75.3,10.9,70.8,19.6,75.7,11.3,71.1,20,76,11.6,71.3,20.4,76.3,12,71.7,20.8,76.6,12.4,71.8,21.2,76.8,12.8,72.1,21.6,77,13.1,72.4,22,77.2,13.5,72.6,22.4,77.4,13.9,72.8,22.9,77.7,14.3,73,23.3,77.9,14.8,73.2,23.7,78.1,15.2,73.4,24.2,78.3
"128","Philippines",2.3,63.9,4.2,70.1,2.4,63.8,4.4,70.1,2.6,63.8,4.5,70.1,2.7,64.1,4.7,70.6,2.8,64.2,4.9,70.8,3,64,5,70.6,3.1,64.1,5.2,70.7,3.3,64.6,5.4,71.3,3.5,64.7,5.6,71.3,3.7,64.7,5.8,71.3,3.8,65.2,6,71.6,4,65.4,6.2,71.9,4.3,65.5,6.5,71.9,4.5,65.6,6.7,72.1,4.7,65.9,7,72.3,5,66.1,7.2,72.5,5.2,66.2,7.5,72.6
"129","Poland",16,69.5,18.6,77.9,16.4,70,18.8,78.4,16.9,70.4,19,78.8,17.3,70.6,19.2,79,17.8,70.7,19.4,79.3,18.2,70.8,19.6,79.3,18.7,71,19.8,79.6,19.2,71,20,79.7,19.6,71.3,20.3,79.9,20.1,71.5,20.5,80,20.6,72,20.7,80.4,21.1,72.4,20.9,80.8,21.6,72.6,21.2,80.8,22.1,72.9,21.4,81,22.6,73.6,21.7,81.5,23.2,73.4,21.9,81.3,23.7,73.8,22.2,81.6
"130","Portugal",12,73.3,15.1,80.4,12.5,73.6,15.6,80.7,13,74,16,80.9,13.4,74.3,16.4,80.9,13.9,74.9,16.7,81.6,14.4,75.3,17.1,81.8,14.9,75.6,17.5,82.1,15.4,76,17.9,82.5,16,76.4,18.3,82.7,16.5,76.7,18.7,82.9,17,76.8,19,83,17.5,77.4,19.4,83.5,18.1,77.4,19.8,83.5,18.6,77.7,20.1,83.8,19.2,78.1,20.5,84.2,19.8,78.2,20.9,84.3,20.3,78.3,21.2,84.5
"131","Qatar",22.3,75.3,36,77.7,22.9,75.4,36.4,77.9,23.4,75.4,36.8,78,24,75.5,37.2,78.1,24.6,75.6,37.7,78.3,25.2,75.7,38.1,78.4,25.8,75.7,38.5,78.5,26.4,75.7,39,78.5,27,75.8,39.4,78.6,27.7,76,39.9,78.7,28.3,76.3,40.3,78.9,29,76.6,40.8,79.1,29.7,76.8,41.3,79.3,30.4,76.9,41.7,79.5,31.1,77,42.2,79.6,31.8,77.1,42.6,79.7,32.5,77.3,43.1,79.9
"132","Republic of Korea",2.3,72.5,3.4,79.9,2.4,73.3,3.5,80.5,2.5,73.8,3.5,80.7,2.6,74.3,3.6,81.2,2.7,74.8,3.7,81.6,2.8,75.3,3.8,81.9,3,75.9,3.9,82.5,3.1,76.3,4,82.9,3.2,76.7,4.1,83.4,3.4,77,4.2,83.8,3.5,77.2,4.2,83.9,3.6,77.6,4.3,84.3,3.8,77.9,4.4,84.4,3.9,78.4,4.5,84.9,4.1,78.8,4.6,85.3,4.3,79.1,4.7,85.3,4.4,79.5,4.8,85.6
"133","Republic of Moldova",10.3,63.6,17.5,71,10.6,64.2,17.7,71.7,10.9,64.2,17.9,71.6,11.2,64.4,18,71.5,11.6,64.5,18.2,72.3,11.9,63.7,18.4,71.6,12.2,64.4,18.7,72.2,12.6,64.8,18.9,72.5,12.9,65.4,19.1,73.1,13.3,65.2,19.3,73.2,13.7,64.7,19.6,72.9,14.1,66.6,19.8,74.4,14.5,66.6,20,74.5,14.9,67.6,20.3,75,15.3,67,20.6,74.6,15.7,66.9,20.8,74.6,16.2,67.6,21.1,75.3
"134","Republic of North Macedonia",15.7,70.7,18.4,75.4,16.1,70.7,18.6,76.1,16.5,70.5,18.7,76,16.9,71.1,18.9,76.2,17.2,71.6,19.1,76.3,17.6,71.7,19.3,76.4,18,71.8,19.5,76.5,18.4,71.7,19.7,76.1,18.8,72.4,19.9,76.6,19.3,72.5,20.2,76.9,19.7,72.7,20.4,77.1,20.2,73,20.7,77.1,20.6,73.1,20.9,77.2,21.1,73.6,21.2,77.8,21.6,73.5,21.5,77.7,22.1,73.6,21.8,77.8,22.6,73.8,22.1,78
"135","Romania",15,67.6,17.2,74.7,15.4,67.5,17.4,75,15.8,67.4,17.6,74.9,16.3,67.8,17.8,75.3,16.7,68.5,18,75.9,17.2,68.8,18.3,75.9,17.7,69.3,18.5,76.4,18.2,69.7,18.8,77,18.7,69.6,19.1,77.2,19.2,69.6,19.4,77.3,19.8,69.8,19.7,77.5,20.3,70.8,20,78.1,20.9,70.9,20.3,78.2,21.5,71.5,20.6,78.7,22.1,71.3,20.9,78.7,22.7,71.3,21.3,78.7,23.4,71.6,21.6,79
"136","Russian Federation",12,58.7,24.6,72,12.3,58.7,24.7,72.1,12.6,58.5,24.9,71.8,13,58.2,25,71.7,13.3,58.7,25.1,72.2,13.7,58.8,25.2,72.3,14.1,60.5,25.4,73.3,14.4,61.5,25.5,74,14.8,61.8,25.7,74.2,15.2,62.8,25.8,74.7,15.6,63,26,74.8,16,64.1,26.1,75.6,16.4,64.5,26.3,75.8,16.8,65.1,26.4,76.2,17.2,65.6,26.6,76.6,17.6,66,26.7,76.9,18.1,66.4,26.9,77.2
"137","Saint Lucia",6.9,70.2,18.7,74.1,7.1,70.3,19.2,74.3,7.4,70.2,19.6,74.3,7.7,70,20.1,74.3,7.9,69.9,20.5,74.5,8.2,70,21,75,8.4,70.7,21.4,75.6,8.7,71.3,21.9,76.3,8.9,71.7,22.3,76.8,9.2,72,22.8,77.3,9.5,72,23.2,77.4,9.8,72.4,23.7,77.6,10.2,72.4,24.3,77.5,10.6,72.3,24.9,77.7,11,72.5,25.6,77.7,11.5,72.8,26.3,78.2,12,73,27,78.3
"138","Saint Vincent and the Grenadines",8.4,68.8,20.8,73,8.8,68.8,21.4,73.1,9.2,68.9,22,73.1,9.7,68.8,22.6,73.1,10.1,68.7,23.3,73.3,10.5,68.9,23.9,73.5,11,69.3,24.5,73.8,11.5,70,25.1,73.9,12,70.1,25.8,74,12.5,70.4,26.4,74,13,70.1,27.1,74.2,13.6,70.1,27.7,74.2,14.1,69.8,28.4,74.2,14.7,69.5,29,74.2,15.3,69.4,29.7,74.7,15.9,69.7,30.4,75.1,16.6,69.4,31,74.9
"139","Samoa",28.3,67.1,45.5,73.5,29.1,67.4,46.1,73.8,29.8,67.5,46.8,73.9,30.5,67.9,47.5,74.3,31.3,68.4,48.1,74.8,32,68.6,48.7,75.1,32.7,69.2,49.3,75.6,33.4,69.5,49.9,75.9,34.1,69.8,50.5,76.3,34.8,68,51.1,74.6,35.5,70.2,51.7,76.7,36.3,70.7,52.2,77.1,37,71,52.8,77.4,37.7,71.4,53.4,77.8,38.5,71.6,53.9,78,39.2,71.8,54.5,78.2,39.9,72,55,78.4
"140","Sao Tome and Principe",2.9,61.2,9.1,64.7,3.1,61.7,9.6,65.2,3.3,62,10,65.6,3.6,62.3,10.5,66,3.8,62.6,11,66.3,4,63,11.5,66.7,4.3,63.4,11.9,67.4,4.5,63.8,12.4,67.8,4.8,64.1,12.9,68.2,5.1,64.5,13.4,68.6,5.3,65,13.9,69,5.6,65.3,14.4,69.4,5.9,65.7,14.9,69.6,6.2,66.1,15.4,69.9,6.5,66.3,15.9,70.2,6.9,66.6,16.4,70.5,7.2,66.7,16.9,70.7
"141","Saudi Arabia",20.1,71.1,34,74.5,20.7,71.4,34.5,74.6,21.3,71.6,35,74.7,21.9,71.8,35.5,74.8,22.5,71.9,36,74.9,23.1,72,36.5,74.9,23.7,72,37,75,24.4,72.1,37.5,75,25,72.2,38,75.1,25.7,72.3,38.6,75.2,26.4,72.5,39.1,75.4,27.1,72.7,39.6,75.6,27.8,72.9,40.1,75.8,28.5,73,40.7,75.9,29.3,73.2,41.2,76.1,30,73.3,41.7,76.3,30.8,73.5,42.3,76.5
"142","Senegal",1.9,55.4,7.2,58.2,1.9,55.8,7.5,58.8,2,56.3,7.8,59.4,2.1,56.9,8.1,60,2.2,57.7,8.4,60.7,2.4,58.6,8.7,61.3,2.5,59.4,9.1,61.9,2.6,60.3,9.4,62.7,2.7,61.1,9.7,63.7,2.8,61.8,10.1,64.5,3,62.3,10.5,65.4,3.1,62.7,10.8,66.1,3.3,63.2,11.2,66.8,3.4,63.6,11.6,67.4,3.6,64,12,67.8,3.8,64.4,12.5,68.3,4,64.7,12.9,68.7
"143","Serbia",13.7,69.8,17.1,75.2,14.1,70.5,17.4,75.8,14.5,70.4,17.7,75.7,15,70.6,17.9,75.8,15.4,70.7,18.2,76.1,15.9,70.8,18.5,76.1,16.3,71.4,18.8,76.7,16.8,71.6,19.1,77,17.2,71.9,19.4,77.1,17.7,72,19.7,77.2,18.2,72.4,20,77.4,18.6,72.6,20.3,77.7,19.1,72.9,20.6,78.1,19.6,73.3,20.9,78.5,20.1,73.4,21.2,78.5,20.6,73.4,21.5,78.5,21.1,73.8,21.8,78.9
"144","Seychelles",4,67.5,13,76.4,4.1,67.8,13.4,76.4,4.3,67.9,13.8,76.5,4.5,68,14.2,76.5,4.7,67.9,14.7,76.6,4.9,68,15.1,76.8,5.1,67.9,15.5,76.8,5.3,67.9,16,76.9,5.5,68,16.5,77,5.7,68,16.9,77.1,5.9,68.2,17.4,77.2,6.2,68.3,17.9,77.3,6.4,68.5,18.4,77.5,6.7,68.6,18.9,77.6,7,68.7,19.4,77.8,7.3,69,20,77.8,7.6,69,20.5,78
"145","Sierra Leone",1.7,39,7.1,40.7,1.7,39.8,7.4,42,1.8,40.4,7.7,43.1,1.9,41.1,8.1,43.9,2,42,8.4,44.7,2.2,43.1,8.7,45.4,2.3,44.3,9.1,46.2,2.4,45.4,9.5,47,2.5,46.3,9.8,47.9,2.6,47.4,10.2,48.8,2.8,48.6,10.6,49.8,2.9,49.7,11,50.8,3.1,50.6,11.5,51.6,3.2,51.2,11.9,52.3,3.4,48.9,12.3,50.2,3.6,50.7,12.8,52,3.8,52.5,13.3,53.8
"146","Singapore",3.4,76.2,5.3,80.8,3.6,76.8,5.4,81.4,3.7,77,5.4,81.5,3.8,77.1,5.5,81.9,3.9,77.9,5.5,82.5,4.1,78.1,5.6,82.7,4.2,78.5,5.7,83,4.3,78.4,5.7,83.2,4.5,78.9,5.8,83.5,4.6,79.3,5.8,84,4.8,79.3,5.9,84.2,4.9,79.7,6,84.2,5.1,80,6,84.4,5.3,80.1,6.1,84.6,5.5,80.4,6.2,84.7,5.6,80.6,6.3,84.8,5.8,80.8,6.3,85
"147","Slovakia",14.4,69.1,16.3,77.4,14.7,69.5,16.5,77.7,15.1,69.8,16.7,78,15.5,70,16.9,78.1,15.9,70.4,17.1,78.2,16.3,70.2,17.3,78.2,16.6,70.5,17.5,78.5,17.1,70.6,17.7,78.5,17.5,70.9,18,78.9,17.9,71.4,18.2,79,18.3,71.6,18.4,79.2,18.7,72.1,18.7,79.6,19.2,72.5,18.9,79.8,19.6,72.9,19.1,80.1,20,73.3,19.4,80.4,20.5,73.5,19.7,80.6,21,73.8,19.9,80.9
"148","Slovenia",13,72.3,16.9,79.8,13.4,72.3,17.2,80.3,13.7,72.7,17.4,80.5,14.1,72.6,17.6,80.5,14.5,73.5,17.9,80.9,14.8,74,18.1,81,15.2,74.4,18.3,81.9,15.6,74.6,18.6,81.9,16,75.5,18.8,82.3,16.4,75.8,19.1,82.4,16.8,76.2,19.3,82.8,17.2,76.8,19.6,82.9,17.6,77,19.9,82.9,18.1,77.2,20.1,83.3,18.5,78,20.4,83.7,18.9,77.6,20.7,83.5,19.4,78,21,83.7
"149","Solomon Islands",9.4,65.5,17.7,67.6,9.8,65.7,18.2,68.1,10.2,66,18.7,68.5,10.7,66.3,19.3,68.9,11.1,66.6,19.8,69.2,11.6,66.9,20.4,69.5,12.1,67.3,21,69.8,12.6,67.2,21.6,69.9,13.1,67.9,22.2,70.4,13.6,68,22.8,70.7,14.2,68.4,23.4,71.1,14.8,68.7,24,71.4,15.4,68.9,24.6,71.6,16,69.1,25.2,71.9,16.6,69.1,25.8,72,17.3,69.5,26.5,72.4,17.9,69.7,27.1,72.7
"150","Somalia",1.7,49.7,6.4,52.5,1.8,49.9,6.6,52.7,1.9,49.9,6.9,52.8,2,50,7.2,52.9,2.1,50,7.6,52.8,2.2,50.3,7.9,53,2.3,50.1,8.2,53.1,2.5,50.1,8.6,53.3,2.6,50.7,8.9,53.8,2.7,51.2,9.3,54.3,2.9,51.4,9.7,54.7,3,52.1,10.1,55.3,3.2,52.2,10.5,55.6,3.4,53.4,10.9,56.3,3.5,53.6,11.4,56.7,3.7,54.1,11.8,57.1,3.9,53.7,12.3,57.3
"151","South Africa",7.6,56.1,30.2,62,8,55.2,30.8,60.7,8.3,54.4,31.4,59.4,8.7,53.6,32,58.1,9.2,53,32.6,56.9,9.6,52.6,33.2,56.2,10,52.6,33.8,56.2,10.5,52.9,34.4,56.6,11,53.5,35,57.7,11.5,54.3,35.6,59.2,12,55.6,36.2,60.4,12.5,56.4,36.8,61.8,13,57.3,37.3,64.2,13.6,58.3,37.9,65.5,14.2,59.3,38.5,66.3,14.8,60,39,66.7,15.4,60.2,39.6,67
"152","Spain",17.3,75.9,19.1,82.8,17.7,76.3,19.3,83.2,18.2,76.5,19.6,83.3,18.6,76.5,19.8,83.1,19,77.1,20.1,83.7,19.5,77.1,20.3,83.6,19.9,77.8,20.5,84.3,20.4,77.9,20.8,84.3,20.8,78.4,21,84.5,21.3,78.8,21.2,84.8,21.7,79.1,21.4,85.1,22.2,79.4,21.7,85.2,22.7,79.5,21.9,85.2,23.1,80,22.1,85.7,23.6,80.2,22.3,85.7,24.1,79.9,22.5,85.4,24.6,80.3,22.8,85.7
"153","Sri Lanka",0.9,68.2,3.2,75.2,1,69.5,3.4,76.5,1.1,70.5,3.6,77.5,1.2,70.6,3.8,77.8,1.3,65.4,4,73.3,1.3,70.8,4.2,78,1.4,70,4.4,77.8,1.5,69.8,4.6,77.7,1.7,67.8,4.9,77,1.8,67.3,5.1,76.7,1.9,71.3,5.4,78.1,2,71.6,5.7,78,2.2,71.9,5.9,78,2.3,71.9,6.3,78.1,2.5,72,6.6,78.2,2.7,72.1,6.9,78.3,2.9,72.1,7.3,78.5
"154","Suriname",11.7,65,25.9,70.7,12.1,64.9,26.4,70.6,12.5,64.9,26.9,70.7,12.9,64.9,27.3,71.1,13.3,65.2,27.8,71.7,13.7,65.5,28.3,72.2,14.2,66.1,28.8,72.6,14.6,66.5,29.3,72.9,15.1,66.8,29.8,73.1,15.5,67,30.2,73.4,16,67.2,30.7,73.8,16.4,67.5,31.2,74.1,16.9,67.8,31.7,74.3,17.4,68,32.2,74.4,17.9,68.2,32.7,74.5,18.4,68.5,33.2,74.8,18.9,68.7,33.7,75.1
"155","Sweden",15.2,77.4,13.9,82,15.6,77.7,14.1,82.2,16.1,77.9,14.4,82.2,16.5,78.1,14.6,82.5,17,78.3,14.9,82.6,17.5,78.4,15.1,82.7,17.9,78.8,15.4,82.9,18.4,79,15.6,83,18.9,79.2,15.9,83.2,19.4,79.4,16.2,83.4,19.9,79.5,16.4,83.5,20.4,79.8,16.7,83.7,20.9,80,16.9,83.6,21.4,80.2,17.2,83.8,22,80.4,17.5,84.1,22.5,80.3,17.8,84,23.1,80.6,18.1,84.1
"156","Switzerland",14.8,76.9,12.8,82.6,15.2,77.4,13.1,83,15.7,77.7,13.3,83,16.1,77.9,13.6,83.1,16.5,78.5,13.8,83.6,16.9,78.6,14.1,83.6,17.4,79.1,14.3,83.9,17.8,79.3,14.5,84.1,18.3,79.7,14.8,84.3,18.7,79.8,15,84.3,19.2,80.1,15.3,84.5,19.7,80.5,15.5,84.8,20.2,80.6,15.8,84.8,20.6,80.8,16.1,84.9,21.2,81.2,16.3,85.2,21.7,80.9,16.6,84.9,22.2,81.2,16.9,85.2
"157","Syrian Arab Republic",11.7,71,24.8,75.2,12.1,71.1,25.4,75.3,12.6,71.2,25.9,75.3,13.1,71.3,26.5,75.4,13.6,71.3,27.1,75.4,14.1,71.6,27.7,75.4,14.6,71.7,28.3,75.5,15.1,71.9,28.9,75.5,15.7,72,29.6,75.5,16.3,72.2,30.2,75.5,16.9,72.2,30.8,75.4,17.5,70.8,31.5,74.8,18.1,60.9,32.1,69.6,18.8,56.7,32.8,67.3,19.5,54.8,33.4,66.2,20.2,58.4,34.1,68.3,20.9,59.4,34.8,68.9
"158","Tajikistan",6.1,63.4,9.7,67.6,6.4,64.1,10,68.1,6.6,64.5,10.3,68.3,6.8,65.2,10.6,68.9,7.1,65.7,11,69.6,7.4,65.4,11.4,69.5,7.7,66,11.7,69.9,8,66.6,12.2,70.2,8.3,67.1,12.6,71,8.7,67.8,13,71.7,9,67.9,13.5,71.7,9.4,68.1,14,72,9.8,68.2,14.5,72.2,10.2,68.3,15,72.4,10.6,68.4,15.5,72.6,11.1,68.5,16.1,72.8,11.6,68.7,16.7,73
"159","Thailand",2,66.9,5.3,74.6,2.1,67.3,5.6,74.7,2.3,67.7,5.9,74.9,2.5,68,6.2,75,2.7,68,6.6,74.9,2.9,69,7,75.7,3.1,69.6,7.4,76.2,3.4,69.9,7.9,76.5,3.7,70.2,8.3,76.7,4,70.4,8.8,77.1,4.4,70.6,9.3,77.6,4.8,70.7,9.9,78,5.2,71,10.4,78.4,5.6,71.1,11,78.7,6,71.4,11.5,78.9,6.5,71.6,12.1,79.1,7,71.8,12.7,79.3
"160","Timor-Leste",0.8,57.9,2,60.4,0.8,58.3,2.1,61,0.9,58.8,2.2,61.7,1,59.3,2.3,62.4,1,60.5,2.5,63.3,1.1,61.9,2.6,64.3,1.2,63.3,2.8,65.4,1.3,64.3,2.9,66.4,1.4,65,3.1,67.2,1.5,65.4,3.3,67.9,1.7,65.7,3.5,68.4,1.8,65.9,3.7,68.9,1.9,66.1,3.9,69.2,2.1,66.2,4.1,69.5,2.3,66.4,4.4,69.8,2.4,66.6,4.6,70.1,2.6,66.8,4.9,70.4
"161","Togo",1.6,53.9,6.3,55.9,1.7,54,6.6,55.9,1.8,54.1,6.9,55.9,1.9,54.2,7.2,55.9,2,54.4,7.6,56.1,2.1,54.5,7.9,56.2,2.2,55.1,8.3,56.7,2.4,55.3,8.7,56.9,2.5,55.6,9,57.2,2.6,56.2,9.4,57.7,2.8,57,9.8,58.5,2.9,57.8,10.3,59.4,3.1,58.4,10.7,60,3.3,58.8,11.1,60.4,3.5,59.1,11.6,60.7,3.7,59.4,12,61.1,3.9,59.7,12.5,61.5
"162","Tonga",29,69.5,44.7,73.5,29.7,69.5,45.3,73.8,30.4,69.6,46,74.1,31.2,69.6,46.6,74.4,32,69.7,47.3,74.7,32.7,69.7,47.9,74.9,33.5,69.8,48.5,75.1,34.3,69.8,49.2,75.3,35,69.9,49.8,75.4,35.8,69.6,50.4,75.3,36.6,70,51,75.6,37.4,70,51.6,75.7,38.2,70.1,52.2,75.8,39,70.2,52.8,75.9,39.8,70.3,53.4,76.1,40.6,70.4,53.9,76.2,41.4,70.5,54.5,76.4
"163","Trinidad and Tobago",5.4,66.3,15.5,72.7,5.7,66,16.1,72.8,6,66.6,16.7,73.1,6.3,66.3,17.3,73.1,6.5,66.7,17.9,73.3,6.8,66.6,18.5,73.4,7.1,67.3,19.2,73.8,7.4,67.3,19.8,73.9,7.8,66.6,20.4,73.8,8.1,67.5,21.1,74.6,8.4,67.5,21.7,74.5,8.8,67.6,22.4,74.7,9.2,67.7,23.1,74.9,9.5,67.8,23.8,75.1,9.9,68,24.5,75.3,10.4,68.2,25.3,75.4,10.8,68.2,26,75.6
"164","Tunisia",10.8,70.6,25.4,75.4,11.2,70.9,26,75.7,11.7,71.2,26.5,76,12.1,71.4,27,76.2,12.6,71.6,27.6,76.5,13.1,71.8,28.1,76.7,13.5,71.9,28.7,76.8,14,72.1,29.2,77,14.6,72.3,29.8,77.1,15.1,72.5,30.3,77.1,15.6,72.7,30.9,77.2,16.1,73,31.4,77.3,16.7,73.3,32,77.4,17.3,73.5,32.6,77.5,17.9,73.7,33.1,77.6,18.5,73.9,33.7,77.8,19.1,74.1,34.3,78.1
"165","Turkey",14.4,67.7,29.2,74.3,14.9,68.1,29.8,74.7,15.4,68.5,30.4,75,16,68.9,31,75.3,16.5,69.2,31.6,75.7,17.1,69.5,32.2,76.1,17.7,69.8,32.9,76.5,18.3,70.2,33.5,76.9,18.9,70.5,34.1,77.2,19.6,71,34.8,77.5,20.2,71.3,35.4,77.8,20.9,71.7,36,78.1,21.5,72.1,36.7,78.4,22.2,72.5,37.3,78.7,22.9,72.8,37.9,78.9,23.6,73,38.6,79.2,24.4,73.3,39.2,79.4
"166","Turkmenistan",8.6,59.4,13,67.8,9,60,13.4,68.2,9.3,59.8,13.8,67.9,9.7,60.3,14.2,68.5,10.1,60.7,14.6,68.8,10.5,60.5,15.1,68.7,10.9,60.9,15.6,69.2,11.3,61.1,16,69.3,11.7,61.5,16.5,69.3,12.2,62.5,17,70.3,12.7,62.8,17.5,70.5,13.2,63.3,18.1,70.4,13.7,63.8,18.6,70.7,14.2,63.7,19.2,71,14.7,63.8,19.8,71.2,15.3,64.2,20.3,71.3,15.9,64.7,20.9,71.7
"167","Uganda",0.8,44,3.9,47.8,0.8,45.1,4.1,48.7,0.8,46.1,4.4,49.8,0.9,47.4,4.6,50.9,0.9,48.5,4.8,52.1,1,50.4,5,53.8,1,52.2,5.3,55.4,1.1,53,5.6,56,1.2,53.9,5.9,56.8,1.2,55.1,6.1,58.1,1.3,56.1,6.5,59.1,1.4,57.1,6.8,60.1,1.5,57.8,7.1,61,1.5,58.3,7.5,62.7,1.6,58.8,7.8,63.8,1.7,59.7,8.2,64.5,1.8,60.2,8.6,64.8
"168","Ukraine",14.8,62,22.5,73.1,15.2,62.2,22.6,73.4,15.6,62,22.8,73.3,16,62,23,73.1,16.4,61.7,23.2,73.1,16.8,61.3,23.4,72.9,17.2,62.1,23.5,73.4,17.7,61.8,23.7,73.5,18.1,62.1,23.9,73.6,18.6,64.1,24.2,74.5,19,64.9,24.4,74.8,19.5,65.6,24.6,75.5,20,65.6,24.8,75.6,20.5,65.9,25,75.9,21,65.5,25.2,76,21.5,67.2,25.5,76.8,22,67.6,25.7,77.1
"169","United Arab Emirates",17.7,73.5,32.7,75.7,18.2,73.7,33.2,75.9,18.7,73.9,33.7,76.1,19.2,74,34.2,76.3,19.8,74.3,34.7,76.5,20.4,74.6,35.2,76.8,21,74.8,35.7,77,21.6,75,36.3,77.2,22.2,75.2,36.8,77.4,22.8,75.4,37.3,77.6,23.5,75.6,37.9,77.7,24.1,75.8,38.4,77.9,24.8,76,38.9,78.1,25.4,76.1,39.5,78.2,26.1,76.2,40,78.4,26.8,76.4,40.5,78.5,27.5,76.5,41,78.7
"170","United Kingdom of Great Britain and Northern Ireland",17.1,75.5,20.1,80.2,17.6,75.8,20.6,80.5,18.2,75.9,21.2,80.6,18.8,76.2,21.7,80.6,19.3,76.7,22.2,81.1,19.9,76.9,22.7,81.2,20.5,77.3,23.3,81.6,21.1,77.6,23.8,81.8,21.8,77.8,24.3,81.9,22.4,78.3,24.9,82.4,23,78.6,25.4,82.5,23.6,79.1,26,82.9,24.3,79.3,26.5,82.9,24.9,79.3,27,83,25.5,79.5,27.6,83.2,26.2,79.3,28.1,82.9,26.9,79.7,28.6,83.2
"171","United Republic of Tanzania",1.6,49,5.9,52.4,1.6,49.7,6.2,53,1.7,50.4,6.5,53.7,1.8,51.2,6.8,54.4,2,52,7.2,55,2.1,52.8,7.5,55.6,2.2,53.8,7.9,56.4,2.3,55.1,8.3,57.7,2.5,56.6,8.7,59.2,2.6,57.3,9.1,59.8,2.8,58.1,9.6,60.6,3,58.6,10.1,61.8,3.1,58.8,10.6,62.3,3.3,59.8,11.1,63.8,3.5,60.6,11.6,64.7,3.7,61.3,12.1,65.4,4,62,12.7,65.8
"172","United States of America",24,74.2,26.9,79.5,24.8,74.4,27.6,79.6,25.5,74.5,28.3,79.7,26.3,74.7,28.9,79.8,27,75.1,29.6,80.1,27.7,75.1,30.2,80.1,28.4,75.4,30.9,80.4,29.1,75.7,31.5,80.6,29.8,75.8,32.1,80.7,30.5,76.1,32.7,81,31.2,76.3,33.3,81.1,31.9,76.5,33.9,81.1,32.6,76.6,34.5,81.2,33.3,76.6,35.1,81.2,34,76.6,35.7,81.3,34.7,76.2,36.4,81,35.5,76,37,81
"173","Uruguay",16.9,70.8,23.7,78.8,17.4,71.1,24.1,78.7,17.9,71.2,24.6,78.9,18.3,71.2,25,78.7,18.8,71.4,25.4,78.8,19.3,71.7,25.8,79,19.8,72.1,26.2,79.8,20.2,71.3,26.7,79,20.7,72.3,27.1,79.8,21.2,72.3,27.5,80.2,21.7,72.1,28,79.9,22.3,72.4,28.4,80.1,22.8,72.2,28.8,80.1,23.3,72.5,29.3,80.3,23.8,72.9,29.7,80.7,24.4,73,30.1,80.6,24.9,73.2,30.6,80.8
"174","Uzbekistan",7.6,64.4,11.6,70.2,7.9,65,12,70.7,8.2,64.9,12.3,70.5,8.5,65.4,12.7,70.9,8.8,66.1,13.1,71.7,9.1,65.6,13.5,71.3,9.4,66.3,13.9,71.9,9.8,67,14.3,72.5,10.2,67.7,14.8,73.2,10.6,68.3,15.2,73.8,11,68.3,15.7,73.6,11.4,68.3,16.2,73.7,11.8,68.4,16.7,73.9,12.3,69,17.3,74.3,12.8,69.2,17.8,74.6,13.3,69.4,18.4,74.8,13.8,69.7,19,75
"175","Vanuatu",11.3,67.5,20.2,70.6,11.8,67.7,20.8,70.8,12.3,67.9,21.4,71,12.7,68.1,22,71.2,13.2,68.2,22.6,71.5,13.7,68.5,23.2,71.7,14.2,68.7,23.8,72,14.8,68.9,24.4,72.3,15.3,69.2,25,72.6,15.9,69.4,25.7,72.8,16.4,69.6,26.3,73.1,17,69.7,26.9,73.3,17.6,69.7,27.5,73.5,18.2,69.8,28.2,73.6,18.9,69.7,28.8,73.6,19.5,69.9,29.4,73.9,20.2,70.1,30.1,74.1
"176","Venezuela (Bolivarian Republic of)",15.7,68.2,23.1,76.5,16.1,68.2,23.4,76.4,16.6,68.9,23.8,76.8,17,67.8,24.2,76.6,17.4,68.9,24.5,77.4,17.8,69.4,24.9,77.8,18.3,69.2,25.2,78.1,18.7,68.8,25.6,78.3,19.1,68.5,25.9,78.3,19.5,68.9,26.2,78.6,19.9,69.3,26.6,78.3,20.3,69.4,26.9,78.3,20.7,69.1,27.2,78.6,21.1,69.4,27.6,78.8,21.5,69.3,27.9,78.8,22,69.4,28.3,78.9,22.4,69.5,28.6,79
"177","Viet Nam",0.4,68.5,0.9,78.2,0.4,68.8,0.9,78.5,0.4,69.1,1,78.8,0.5,69.4,1.1,79.1,0.5,69.6,1.2,79.4,0.6,69.8,1.2,79.7,0.6,69.9,1.3,79.8,0.7,70,1.4,80,0.8,70.2,1.5,80.1,0.8,70.4,1.6,80.1,0.9,70.6,1.7,80.2,1,70.7,1.9,80.3,1.1,70.9,2,80.4,1.2,71.1,2.1,80.5,1.3,71.3,2.3,80.6,1.5,71.5,2.4,80.7,1.6,71.7,2.6,80.9
"178","Yemen",5.1,59.5,12.5,62,5.4,59.8,13,62.4,5.7,60.3,13.5,62.8,6.1,60.7,14,63.3,6.4,61.2,14.5,63.8,6.7,61.6,15.1,64.2,7.1,62,15.6,64.6,7.5,62.4,16.2,65,7.9,62.7,16.8,65.3,8.3,63,17.4,65.6,8.8,63.2,18,65.9,9.2,63.2,18.6,66.1,9.7,63.1,19.3,66.1,10.3,63.8,19.9,66.4,10.8,63.7,20.6,66.5,11.4,62.8,21.3,66.2,12,63.9,22,66.8
"179","Zambia",1.6,43.2,6.7,45.6,1.7,44,6.9,46.1,1.8,44.8,7.2,46.6,1.8,45.5,7.4,47.2,1.9,46.7,7.7,48.4,2,47.9,8,49.7,2.1,49.1,8.3,51,2.2,50.5,8.7,52.6,2.3,52.7,9,55.3,2.5,54.3,9.4,57.6,2.6,55.7,9.8,59.3,2.7,56.7,10.2,60.5,2.9,57.7,10.6,61.5,3,58.5,11.1,62.3,3.2,59.3,11.5,63.1,3.4,59.8,12,63.6,3.6,60.2,12.4,64.4
"180","Zimbabwe",2.4,44.6,18,47.3,2.5,44.3,18.5,46.5,2.6,44,19,46,2.8,44,19.5,45.9,2.9,44.1,19.9,45.9,3.1,44.5,20.4,46.5,3.2,45.2,20.9,47.4,3.3,46.2,21.3,48.6,3.5,47.6,21.7,50,3.6,49.4,22.2,51.8,3.7,51.5,22.6,54.2,3.9,53.6,23,57.3,4,55,23.5,59.5,4.2,56.4,23.9,60.7,4.4,58.2,24.4,61.5,4.5,59,24.8,62.4,4.7,59.6,25.3,63.1